# first line: diameter, stdev on diameter, fiber length; other lines: x, y, z coordinates
1.399999999999999979e-05 1.093677618490958427e-06 8.648343998627053188e-04
-4.579645211687243688e-05 -4.935272827595339435e-06 5.938351716175318401e-07
-4.583019736060119618e-05 -5.077703640372371958e-06 1.582976601032654029e-06
-4.584920971841791211e-05 -5.257013165442146144e-06 2.566337661874008857e-06
-4.587033985113291224e-05 -5.430433629369225517e-06 3.550925980287189879e-06
-4.589274858328547463e-05 -5.599112972879857528e-06 4.536342027509259259e-06
-4.591507218180135839e-05 -5.766430603446870565e-06 5.521992163150983915e-06
-4.593728443307254451e-05 -5.932575824493793243e-06 6.507843155571834196e-06
-4.595930952955699944e-05 -6.097769036383804391e-06 7.493858349687460355e-06
-4.598100753563642731e-05 -6.262236029687626520e-06 8.480002209776361585e-06
-4.600219851513806849e-05 -6.426200015105155897e-06 9.466240860604106105e-06
-4.602286565168049894e-05 -6.589983106392375231e-06 1.045252070200840787e-05
-4.604293074365841852e-05 -6.753873817742471000e-06 1.143879508826422392e-05
-4.606515873260695382e-05 -6.909065468569446001e-06 1.242641982391289035e-05
-4.608435752657139901e-05 -7.071355240355766561e-06 1.341296505414550991e-05
-4.610226190133997072e-05 -7.235528111175934272e-06 1.439923410470026095e-05
-4.611953175139313848e-05 -7.399629750947162386e-06 1.538552632397998006e-05
-4.614974173387325723e-05 -7.525070738847326557e-06 1.637697423565722885e-05
-4.616007254217872408e-05 -7.701764210779281407e-06 1.736070154756842038e-05
-4.617468929190950209e-05 -7.865195940027652855e-06 1.834705174682963250e-05
-4.619186262762489507e-05 -8.019089102003047282e-06 1.933498859253116216e-05
-4.620941227448278627e-05 -8.169123444691427254e-06 2.032351248567850280e-05
-4.622715515887704197e-05 -8.315816613955815783e-06 2.131253457283771233e-05
-4.624466459169320793e-05 -8.459636740913877552e-06 2.230198289638165091e-05
-4.626187207486956926e-05 -8.601422102363088566e-06 2.329173047549903605e-05
-4.627857757569778561e-05 -8.741984497671533114e-06 2.428166123943009333e-05
-4.629452643127187998e-05 -8.882125461382245620e-06 2.527166428841843074e-05
-4.630930499651536841e-05 -9.022509889514932708e-06 2.626165093253733478e-05
-4.632269027369736742e-05 -9.163899860978459813e-06 2.725151416221004153e-05
-4.633457837615037258e-05 -9.307070078164699089e-06 2.824114039127524102e-05
-4.634481296600629718e-05 -9.452635528025337352e-06 2.923043539325084761e-05
-4.635320083913488880e-05 -9.601033655849218996e-06 3.021932661878470178e-05
-4.637268609733887051e-05 -9.711053906206102123e-06 3.121288275822098508e-05
-4.636969593226617008e-05 -9.883063125830366983e-06 3.219733813377757305e-05
-4.637080832988906524e-05 -1.004226649107056385e-05 3.318448053616371643e-05
-4.637310379310799713e-05 -1.019490606131926733e-05 3.417275968495693365e-05
-4.637406045345644995e-05 -1.034713232278188144e-05 3.516110473509356099e-05
-4.637380659120791910e-05 -1.049918213449584545e-05 3.614947742906294073e-05
-4.637416640813882182e-05 -1.064457255041525818e-05 3.713884651488546032e-05
-4.637220887669371496e-05 -1.079504121261945550e-05 3.812745355480612157e-05
-4.636890957587578687e-05 -1.094663664151412250e-05 3.911589058981017157e-05
-4.636466313822591641e-05 -1.109788159567840258e-05 4.010437770550988844e-05
-4.635963900318696058e-05 -1.124902421928288875e-05 4.109287686142131489e-05
-4.635391011457785964e-05 -1.140022410079998227e-05 4.208136343172548879e-05
-4.634750963115740624e-05 -1.155159219663687024e-05 4.306982013745812646e-05
-4.634027110992866246e-05 -1.170306288811814063e-05 4.405825532117395651e-05
-4.633239590745024555e-05 -1.185483164701231555e-05 4.504663993927949389e-05
-4.633281289984725820e-05 -1.197509747573802846e-05 4.603925098910135322e-05
-4.631196058444027579e-05 -1.215864381193146830e-05 4.702134405967523662e-05
-4.629722371024224650e-05 -1.232316121437049744e-05 4.800742464632946904e-05
-4.628381452792818256e-05 -1.248049377746548861e-05 4.899487866322823487e-05
-4.626870150108870885e-05 -1.263963596597696356e-05 4.998201817950288957e-05
-4.625209569102825899e-05 -1.280021018580436521e-05 5.096890193016095916e-05
-4.623417543978102092e-05 -1.296170146565503900e-05 5.195561316727412976e-05
-4.621510470818093177e-05 -1.312349949614023274e-05 5.294225266664958837e-05
-4.619528913779579886e-05 -1.328512340217639212e-05 5.392890609009679502e-05
-4.617505243563175507e-05 -1.344600840144171410e-05 5.491567169254142969e-05
-4.615467832805510178e-05 -1.360557223166782489e-05 5.590264886889289610e-05
-4.613426725917913867e-05 -1.376314184086374971e-05 5.688994541726407825e-05
-4.611417383810762475e-05 -1.391831390238856031e-05 5.787762799902627757e-05
-4.609465629179452633e-05 -1.407071879508991542e-05 5.886575271433006074e-05
-4.607587569178704315e-05 -1.422004456557247060e-05 5.985436154853115802e-05
-4.605934187533368017e-05 -1.436009032431868429e-05 6.084435857941182524e-05
-4.602810364142761421e-05 -1.454575760650496323e-05 6.182615484085808577e-05
-4.600101984321905012e-05 -1.471797837193021068e-05 6.281075211191436414e-05
-4.597644460827309188e-05 -1.488134817783371240e-05 6.379700989793358687e-05
-4.594995349324936592e-05 -1.504952770262396976e-05 6.478240587365607234e-05
-4.592106480081890218e-05 -1.522352466978564978e-05 6.576672519129859312e-05
-4.589028076929578905e-05 -1.540207417130991146e-05 6.675017262771937993e-05
-4.585807906821912875e-05 -1.558366260246743095e-05 6.773301909421291546e-05
-4.582493906681359532e-05 -1.576662599667223480e-05 6.871557995364587987e-05
-4.579123012650039809e-05 -1.594915478918723824e-05 6.969820236354148761e-05
-4.575751683904492580e-05 -1.612959588484890448e-05 7.068120971496496749e-05
-4.572431894273094091e-05 -1.630636450772676650e-05 7.166490073662193719e-05
-4.569206629614870819e-05 -1.647799307703486283e-05 7.264953177847448783e-05
-4.566105302891276531e-05 -1.664317391819919822e-05 7.363530339054625597e-05
-4.563154644791321557e-05 -1.680090024179588219e-05 7.462234017472594433e-05
-4.561261219915487832e-05 -1.695531292273799712e-05 7.561015110316778205e-05
-4.558032084071653042e-05 -1.713358107001936476e-05 7.659349047190637874e-05
-4.555416947313031063e-05 -1.728898649944010416e-05 7.758086845525481202e-05
-4.553195109222450996e-05 -1.743885292858333332e-05 7.856932432883344253e-05
-4.551133433929354023e-05 -1.759084754267512685e-05 7.955749004391588462e-05
-4.549206875466338450e-05 -1.774447293404771630e-05 8.054543104864925716e-05
-4.547380076717961908e-05 -1.789911560955960380e-05 8.153323247483967862e-05
-4.545602390419369455e-05 -1.805402934873172425e-05 8.252100050988369837e-05
-4.543834277697450307e-05 -1.820852417729927215e-05 8.350883585848067024e-05
-4.542033657313343384e-05 -1.836189240688094909e-05 8.449684075506050038e-05
-4.540516562128593539e-05 -1.851558123046982896e-05 8.548484249047217168e-05
-4.538622070531144397e-05 -1.866523499643973877e-05 8.647339478859493271e-05
-4.536345420683121670e-05 -1.881845771040917411e-05 8.746132063601843622e-05
-4.534041568638429035e-05 -1.896407512538878952e-05 8.845038389793157332e-05
-4.531593726240900336e-05 -1.910522228874158329e-05 8.944006887193992755e-05
-4.532552945223705453e-05 -1.926450596539697077e-05 9.042706884139668777e-05
-4.530810769413738123e-05 -1.941361029222551024e-05 9.141556276312089863e-05
-4.529064716079670783e-05 -1.955741022059491566e-05 9.240500695659810589e-05
-4.528139773277858556e-05 -1.970458491101356120e-05 9.339406783656916018e-05
-4.527911865956306929e-05 -1.985598898449925391e-05 9.438253227044522686e-05
-4.528253490086505409e-05 -2.001084980934890437e-05 9.537045952793697309e-05
-4.529022173195328881e-05 -2.016830414254859664e-05 9.635795419416447703e-05
-4.530054377021183824e-05 -2.032736482775068207e-05 9.734516847384380028e-05
-4.531170849863184710e-05 -2.048695384721695360e-05 9.833228885084083562e-05
-4.532182977516750375e-05 -2.064594214948775914e-05 9.931951724124468348e-05
-4.532907959604060710e-05 -2.080323337269497918e-05 1.003070418582085229e-04
-4.533179192526000487e-05 -2.095781876103150379e-05 1.012950152181758389e-04
-4.532844764083872736e-05 -2.110877647219115545e-05 1.022835457841089844e-04
-4.531775712890508302e-05 -2.125532075359254594e-05 1.032726864356272624e-04
-4.529869755202582443e-05 -2.139683083607352024e-05 1.042624325465495074e-04
-4.532334245693630268e-05 -2.156661225272071692e-05 1.052472968495223298e-04
-4.530372643822008712e-05 -2.170987907609657890e-05 1.062363615568625783e-04
-4.527540559101943843e-05 -2.184719055814054867e-05 1.072264836670987556e-04
-4.525170922652995309e-05 -2.198788473910513015e-05 1.082162502590430439e-04
-4.523256894287518978e-05 -2.213213574470936161e-05 1.092056038579645224e-04
-4.521736135616081186e-05 -2.227945238442672414e-05 1.101945745612968510e-04
-4.520529294702311021e-05 -2.242922217772663377e-05 1.111832207006877016e-04
-4.519542462657261578e-05 -2.258073820169257781e-05 1.121716257225496144e-04
-4.518675955181261742e-05 -2.273324153779717965e-05 1.131598905546738875e-04
-4.517828668080206978e-05 -2.288594673371814644e-05 1.141481260191039033e-04
-4.516897270462338909e-05 -2.303806225398398282e-05 1.151364447224375361e-04
-4.515781044875204209e-05 -2.318882501782600390e-05 1.161249511531633940e-04
-4.514385484067023299e-05 -2.333753425274580649e-05 1.171137325236312320e-04
-4.512632644027786622e-05 -2.348357643520097900e-05 1.181028538135911465e-04
-4.510457087740628806e-05 -2.362644557375091726e-05 1.190923538244544402e-04
-4.513989474996802812e-05 -2.380914997009623589e-05 1.200742283579611918e-04
-4.509274511058617454e-05 -2.393791241803359493e-05 1.210629612785039683e-04
-4.505732406048324688e-05 -2.407323309338208454e-05 1.220528637999975571e-04
-4.503409734041180940e-05 -2.421719600952169544e-05 1.230421729330590051e-04
-4.501312641592522426e-05 -2.436369236568228030e-05 1.240311609311661040e-04
-4.499378429755641884e-05 -2.451215566204209247e-05 1.250198891951587784e-04
-4.497381125920046040e-05 -2.466103830589440603e-05 1.260085422136961869e-04
-4.496764583812647983e-05 -2.482099230156702583e-05 1.269956028264796789e-04
-4.494883747302876156e-05 -2.497195644843198207e-05 1.279839049520908271e-04
-4.492864912674043144e-05 -2.512166007807057033e-05 1.289724277711756708e-04
-4.490832917114867632e-05 -2.527126015928658913e-05 1.299609653347807894e-04
-4.488616133843988533e-05 -2.541941364996587840e-05 1.309496806604438027e-04
-4.486147540159869884e-05 -2.556543907155883508e-05 1.319386523893299051e-04
-4.483370986474024758e-05 -2.570876126446295127e-05 1.329279373324717545e-04
-4.480244430223860477e-05 -2.584896722263041197e-05 1.339175639224312112e-04
-4.482976790746951920e-05 -2.603644188991399608e-05 1.348986106232523147e-04
-4.476252572889158918e-05 -2.615530316573412055e-05 1.358864705448519904e-04
-4.471164082565247708e-05 -2.628402559573741082e-05 1.368763395820781371e-04
-4.467531294902788613e-05 -2.642452648341715488e-05 1.378657527728688152e-04
-4.463960844584486575e-05 -2.656744614746013683e-05 1.388548423109214197e-04
-4.460446580735930689e-05 -2.671239169826674888e-05 1.398436572947984059e-04
-4.456980589730474748e-05 -2.685890260037819316e-05 1.408322587488283761e-04
-4.453554029175291282e-05 -2.700647577686856443e-05 1.418207160542900476e-04
-4.450157910136291848e-05 -2.715458864000281416e-05 1.428091032114179627e-04
-4.446779565285958303e-05 -2.730263399993340098e-05 1.437975065900929869e-04
-4.443406726119356488e-05 -2.745003337092612582e-05 1.447860083449135655e-04
-4.438545914086384749e-05 -2.758572898791539636e-05 1.457755169336669935e-04
-4.434633187469418108e-05 -2.772666622912975805e-05 1.467647270232408374e-04
-4.431764775907234930e-05 -2.787544502400660497e-05 1.477531708839916694e-04
-4.427002923945330107e-05 -2.800755071407686134e-05 1.487431576381297721e-04
-4.428989500683600032e-05 -2.819610594019919173e-05 1.497237465304507818e-04
-4.420147492757803097e-05 -2.829816086094369494e-05 1.507108032378194368e-04
-4.413696559737361678e-05 -2.841617351153600423e-05 1.517009197708808245e-04
-4.408924745597889600e-05 -2.854812118673255971e-05 1.526910270307475868e-04
-4.404137001185760012e-05 -2.868154523585942042e-05 1.536809287328688278e-04
-4.399361805311800632e-05 -2.881644204502427923e-05 1.546706368760787653e-04
-4.394628098558336140e-05 -2.895277360241613180e-05 1.556601683334755872e-04
-4.389957009997258171e-05 -2.909035367228328747e-05 1.566495567721711436e-04
-4.385369534669997341e-05 -2.922898603040316264e-05 1.576388374480634617e-04
-4.380885664976490266e-05 -2.936846507103285317e-05 1.586280466110733586e-04
-4.376529451250208520e-05 -2.950866371166859469e-05 1.596172110460299630e-04
-4.372312997555766856e-05 -2.964931066366764266e-05 1.606063724110496846e-04
-4.368247616690059331e-05 -2.979017294941100564e-05 1.615955663549341424e-04
-4.364344194414189509e-05 -2.993107252777944523e-05 1.625848201937747824e-04
-4.359682667964119189e-05 -3.006422219382228646e-05 1.635748004799892491e-04
-4.360960610935189904e-05 -3.025260786738649996e-05 1.645557038152728122e-04
-4.352866756606617440e-05 -3.035696045944221883e-05 1.655432763095336136e-04
-4.346928340754545821e-05 -3.047779419424867842e-05 1.665332362472589107e-04
-4.342662406520719927e-05 -3.061367146651260666e-05 1.675230421475215180e-04
-4.339403343020886250e-05 -3.076206316853084572e-05 1.685113847705531874e-04
-4.333950873091652349e-05 -3.089161487864200688e-05 1.695012451904006050e-04
-4.328700517464237904e-05 -3.102265978998800043e-05 1.704911913135303842e-04
-4.323828123821172329e-05 -3.115772242665789695e-05 1.714808295997412302e-04
-4.318987531685652254e-05 -3.129393480618773953e-05 1.724703257555380842e-04
-4.314254788163493867e-05 -3.143163506293154082e-05 1.734596679112093524e-04
-4.309704415151280625e-05 -3.157114186991098748e-05 1.744488421223729276e-04
-4.305405833806031241e-05 -3.171277703566243448e-05 1.754378259849174743e-04
-4.301417442346076034e-05 -3.185689078253045576e-05 1.764265811494793775e-04
-4.297784537380660718e-05 -3.200370123782626797e-05 1.774150761398548323e-04
-4.294539244901407824e-05 -3.215325539500786490e-05 1.784032944057672813e-04
-4.295024723135685408e-05 -3.234445352016024258e-05 1.793841347497604922e-04
-4.288084073809856126e-05 -3.246438762482760072e-05 1.803706127390029921e-04
-4.281932144663479721e-05 -3.258976019331986251e-05 1.813596442766956564e-04
-4.278114822259569206e-05 -3.273888387373699523e-05 1.823477253224839532e-04
-4.273876736945072776e-05 -3.288673793624984266e-05 1.833358219900744959e-04
-4.270501177431636338e-05 -3.304206085011760126e-05 1.843230661675817391e-04
-4.266226119168095365e-05 -3.319240722009500277e-05 1.853107098722963069e-04
-4.261246265865069381e-05 -3.333890016132944615e-05 1.862986672339385624e-04
-4.256240909527985860e-05 -3.348603549484763887e-05 1.872865162697182149e-04
-4.251284465855399914e-05 -3.363411125636145410e-05 1.882742493262994001e-04
-4.246566893453316660e-05 -3.378521932888970850e-05 1.892616374674187252e-04
-4.240954332055782867e-05 -3.392786810475073838e-05 1.902497746486251674e-04
-4.235836769924311357e-05 -3.407456322269277431e-05 1.912375962055332113e-04
-4.231301277635300033e-05 -3.422607058338147961e-05 1.922250103470551051e-04
-4.226950352921962666e-05 -3.437861854178302101e-05 1.932123478734565011e-04
-4.225449314353578505e-05 -3.456796073565260291e-05 1.941936683706858933e-04
-4.217783118768051153e-05 -3.469048214944577024e-05 1.951804643227129672e-04
-4.211156501404169484e-05 -3.482187943235941831e-05 1.961687494925390320e-04
-4.206021806087390332e-05 -3.497095135433913736e-05 1.971562388304269869e-04
-4.200416191261095641e-05 -3.511814240237684872e-05 1.981437545842072018e-04
-4.194386154025876587e-05 -3.526379082345200948e-05 1.991312496814382459e-04
-4.187997393561672860e-05 -3.540825501766818031e-05 2.001186938053725259e-04
-4.181319034122929707e-05 -3.555204513969301676e-05 2.011060452280504125e-04
-4.175363033381418177e-05 -3.570370205275319892e-05 2.020926571129396526e-04
-4.168868686534368660e-05 -3.585293637180460605e-05 2.030793043689275209e-04
-4.162160688570678890e-05 -3.600216009784970301e-05 2.040658288422038738e-04
-4.155646482372470373e-05 -3.615459970455505139e-05 2.050519909088932818e-04
-4.149384562442004639e-05 -3.631069879367184925e-05 2.060377433064346925e-04
-4.143390369680829781e-05 -3.647109614194105781e-05 2.070229714046020048e-04
-4.137715031977577196e-05 -3.663586818456044102e-05 2.080076660117345481e-04
-4.133439623335377980e-05 -3.682222436960902028e-05 2.089891131473371223e-04
-4.124882326756194656e-05 -3.695547044593685307e-05 2.099754720140539765e-04
-4.116574746694905005e-05 -3.709383273428480638e-05 2.109621864424310236e-04
-4.109623767197265941e-05 -3.725028839696031558e-05 2.119473983692057688e-04
-4.102433824975991954e-05 -3.740599369509347297e-05 2.129325748286767239e-04
-4.094646884856993684e-05 -3.755708508658126053e-05 2.139180176650922697e-04
-4.086344026829127760e-05 -3.770474164228592454e-05 2.149035617498796982e-04
-4.077605094285234393e-05 -3.785045521830936898e-05 2.158890194102166312e-04
-4.068565509307513054e-05 -3.799547108422098030e-05 2.168743100375769214e-04
-4.059356278211102262e-05 -3.814118658476338636e-05 2.178593406780514590e-04
-4.050098591021602449e-05 -3.828908876620344546e-05 2.188439995360453270e-04
-4.041189028022785146e-05 -3.844358039764592339e-05 2.198279588018134650e-04
-4.032310145879167195e-05 -3.860211421853766413e-05 2.208113111541443446e-04
-4.023639849617711577e-05 -3.876627204858232539e-05 2.217939211265264766e-04
-4.015368011381556648e-05 -3.893790252331690835e-05 2.227755955399588535e-04
-4.007523569843068082e-05 -3.911775762354862600e-05 2.237561463279439875e-04
-3.997059642584175747e-05 -3.926484376862491812e-05 2.247393049539892027e-04
-3.987835017907846984e-05 -3.943116391132014752e-05 2.257206964173554247e-04
-3.979256648396554518e-05 -3.960857756275374438e-05 2.267010830385406128e-04
-3.970238877914278395e-05 -3.978253793976621789e-05 2.276816949762343074e-04
-3.960782801832148569e-05 -3.995415657108247173e-05 2.286623072860407158e-04
-3.950971116229805410e-05 -4.012419988135870172e-05 2.296428458317030259e-04
-3.940886325428600624e-05 -4.029363535193226134e-05 2.306232130988793670e-04
-3.930460048098945793e-05 -4.046177410870111538e-05 2.316034452891351392e-04
-3.919924937872223708e-05 -4.063276183205153817e-05 2.325830675525464211e-04
-3.909324511185111755e-05 -4.080739157286387313e-05 2.335619777499322019e-04
-3.898698251894746301e-05 -4.098593259528127489e-05 2.345401534612266779e-04
-3.888114633721559546e-05 -4.116935003462749543e-05 2.355174718179501355e-04
-3.877611392008047082e-05 -4.135858060237700720e-05 2.364937669494795655e-04
-3.867202312481990130e-05 -4.155441079964426309e-05 2.374688596856776909e-04
-3.856945791737047475e-05 -4.175701661523674061e-05 2.384427288642720563e-04
-3.845716756561137821e-05 -4.194766772933933329e-05 2.394178843139454366e-04
-3.834995991545102893e-05 -4.215044289967428010e-05 2.403911461911411793e-04
-3.824449349993695540e-05 -4.236085429119601942e-05 2.413630527479209125e-04
-3.813710271341581387e-05 -4.257230593506234316e-05 2.423345230760059858e-04
-3.802801058607541476e-05 -4.278463574804725338e-05 2.433056122674917814e-04
-3.791724601329892814e-05 -4.299779719878903957e-05 2.442763298808518866e-04
-3.780455238782468301e-05 -4.321186996521977349e-05 2.452466246585811166e-04
-3.768988014647449891e-05 -4.342681874200008074e-05 2.462164939035368320e-04
-3.757349085722589235e-05 -4.364248135172528378e-05 2.471860002382310264e-04
-3.745548477457851162e-05 -4.385877997411038331e-05 2.481551693917084626e-04
-3.733579195226913167e-05 -4.407570532119044416e-05 2.491239915272190197e-04
-3.721407381598603148e-05 -4.429331726681236101e-05 2.500924070779151492e-04
-3.709062727976626222e-05 -4.451146354708924405e-05 2.510604838299667577e-04
-3.696561875396648950e-05 -4.473005139847549614e-05 2.520282604973824066e-04
-3.683905831394260037e-05 -4.494904522394453628e-05 2.529957436396919248e-04
-3.671058453333534224e-05 -4.516847785629636049e-05 2.539628749102999621e-04
-3.658035312170223365e-05 -4.538825516230826092e-05 2.549296929586647182e-04
-3.644857783072008106e-05 -4.560828849664607504e-05 2.558962435916637985e-04
-3.631530438840642808e-05 -4.582853451102815326e-05 2.568625403443097234e-04
-3.618034623343128477e-05 -4.604897063952443433e-05 2.578285597894110995e-04
-3.604358914730530929e-05 -4.626954334579791325e-05 2.587942950028657933e-04
-3.590527948158345444e-05 -4.649018162611086991e-05 2.597597942279317174e-04
-3.576552462636568635e-05 -4.671083991454493591e-05 2.607250807526453017e-04
-3.562430132932934383e-05 -4.693148090007437552e-05 2.616901574799012677e-04
-3.548124420683264747e-05 -4.715202573453766151e-05 2.626549858802831958e-04
-3.533662949617420338e-05 -4.737243051555487314e-05 2.636196142622212590e-04
-3.519062182924449534e-05 -4.759266295154840896e-05 2.645840721597588537e-04
-3.504323071829864943e-05 -4.781268779093039923e-05 2.655483669975553917e-04
-3.489417041667826146e-05 -4.803239728791735050e-05 2.665124770001644095e-04
-3.474352301891667151e-05 -4.825174009221611132e-05 2.674764238892617975e-04
-3.459148851956889473e-05 -4.847070911389408422e-05 2.684402380251815941e-04
-3.443812205069929090e-05 -4.868927812689406140e-05 2.694039319198692720e-04
-3.428329330366731374e-05 -4.890735655469803655e-05 2.703675030602712640e-04
-3.412684614927353696e-05 -4.912481581450344858e-05 2.713309526533253316e-04
-3.396900864148032597e-05 -4.934168316175974785e-05 2.722943090137574726e-04
-3.380989016519085459e-05 -4.955795767809549672e-05 2.732575879158130952e-04
-3.364949999329461304e-05 -4.977360387297719593e-05 2.742207967750811756e-04
-3.348747550936834411e-05 -4.998835782956642963e-05 2.751839312296990633e-04
-3.332405949143121907e-05 -5.020228455012801260e-05 2.761470148893363161e-04
-3.315941090854981996e-05 -5.041542361651125834e-05 2.771100632545360574e-04
-3.299354125583323771e-05 -5.062774057357107672e-05 2.780730836760133759e-04
-3.282623742779417511e-05 -5.083902303720478570e-05 2.790360833861416090e-04
-3.265751389784594472e-05 -5.104920300937128855e-05 2.799990767015135898e-04
-3.248755631358802621e-05 -5.125836218112913894e-05 2.809620753445496617e-04
-3.231642817224166062e-05 -5.146650434672109568e-05 2.819250870339602612e-04
-3.214405654954985577e-05 -5.167351202740711846e-05 2.828881214274499289e-04
-3.197024289721627735e-05 -5.187911406612145287e-05 2.838511976001451258e-04
-3.179519734570342794e-05 -5.208344428831366120e-05 2.848143215167285927e-04
-3.161903182526048183e-05 -5.228656122889950206e-05 2.857774978597754038e-04
-3.144175560086469285e-05 -5.248842839629077510e-05 2.867407331491908344e-04
-3.126309978829134738e-05 -5.268865277996112232e-05 2.877040561550608076e-04
-3.108320664326706656e-05 -5.288732187911216706e-05 2.886674710979770814e-04
-3.090222576886327715e-05 -5.308455733332971695e-05 2.896309769178898215e-04
-3.072018515101115823e-05 -5.328034470207333376e-05 2.905945784270516207e-04
-3.053695120931006950e-05 -5.347442883625120794e-05 2.915582981537049884e-04
-3.035246155996213914e-05 -5.366662469533563928e-05 2.925221566801568338e-04
-3.016688912057522885e-05 -5.385711581109237447e-05 2.934861459275646574e-04
-2.998030843996254001e-05 -5.404595871398638109e-05 2.944502648264692678e-04
-2.979271165844753658e-05 -5.423308463159937732e-05 2.954145212865481353e-04
-2.960388035291791891e-05 -5.441800133690228864e-05 2.963789626029315286e-04
-2.941395948032796048e-05 -5.460090033898272200e-05 2.973435750156393133e-04
-2.922307970391345002e-05 -5.478194523071430684e-05 2.983083479388376306e-04
-2.903126430967024383e-05 -5.496111606154255617e-05 2.992732851270049795e-04
-2.883834511672179178e-05 -5.513798258110214610e-05 3.002384270440828021e-04
-2.864435180762294267e-05 -5.531250260043562347e-05 3.012037809039080482e-04
-2.844942777908894096e-05 -5.548490676662643151e-05 3.021693276009772972e-04
-2.825362810490043952e-05 -5.565525886801989006e-05 3.031350613352593037e-04
-2.805692370253473237e-05 -5.582342571974042251e-05 3.041009941027318468e-04
-2.785921448570721570e-05 -5.598905683716847131e-05 3.050671595982560637e-04
-2.766068277709267623e-05 -5.615252306548969849e-05 3.060335254982538954e-04
-2.746143282068815437e-05 -5.631402387610783374e-05 3.070000740312067104e-04
-2.726149493323626284e-05 -5.647357842300042117e-05 3.079668037425805326e-04
-2.706076575800452045e-05 -5.663076808182707485e-05 3.089337565752850109e-04
-2.687550547673490736e-05 -5.681983143950670653e-05 3.098978261924102261e-04
-2.668109775231314185e-05 -5.698894714550994115e-05 3.108638006474829726e-04
-2.648285130812543217e-05 -5.714933285211555087e-05 3.118307378437536800e-04
-2.628739430661959991e-05 -5.731481202365667647e-05 3.127973849124997350e-04
-2.609456427376184885e-05 -5.748483354644603240e-05 3.137637720440533597e-04
-2.590418622819001544e-05 -5.765907646588437651e-05 3.147298936240169355e-04
-2.571595678495945103e-05 -5.783690172268361599e-05 3.156957842585705800e-04
-2.552946876810249977e-05 -5.801739882308020303e-05 3.166615178162737829e-04
-2.534420493390188972e-05 -5.819912294682430776e-05 3.176272575861442682e-04
-2.515971497324865993e-05 -5.838119662397015967e-05 3.185930797921069941e-04
-2.497550093485403303e-05 -5.856264999048187462e-05 3.195590713400860410e-04
-2.479101819508500266e-05 -5.874230318554213667e-05 3.205253476181993064e-04
-2.460571965954321664e-05 -5.891876984623497881e-05 3.214920539085094290e-04
-2.441910443171446741e-05 -5.909080154402483650e-05 3.224593049906887207e-04
-2.423071031238015270e-05 -5.925753909984263961e-05 3.234271371878811099e-04
-2.404010932238222209e-05 -5.941809031763159422e-05 3.243955816845918785e-04
-2.385499296248056581e-05 -5.958685811743405264e-05 3.253636683380925054e-04
-2.366293637629432434e-05 -5.973211496173905889e-05 3.263340595789547896e-04
-2.346663486798169454e-05 -5.984963007060168603e-05 3.273074785649224879e-04
-2.327016813415366640e-05 -5.997774225827851442e-05 3.282795186511904689e-04
-2.308808526479184280e-05 -6.016894770591412194e-05 3.292433041880789193e-04
-2.289729953939998870e-05 -6.031813564058748756e-05 3.302125063751782004e-04
-2.270121866586775292e-05 -6.044051803133598490e-05 3.311854261176408552e-04
-2.250646875115801764e-05 -6.056519863128178557e-05 3.321583217483468648e-04
-2.231261422159136311e-05 -6.069150396022838536e-05 3.331311870244963325e-04
-2.211923153825248164e-05 -6.081857643087503688e-05 3.341040465457704913e-04
-2.192602652182780421e-05 -6.094530524837716629e-05 3.350769861661920170e-04
-2.173253898466456918e-05 -6.107099334151323475e-05 3.360500045166039517e-04
-2.153835265051923234e-05 -6.119495873396612869e-05 3.370231043082513693e-04
-2.134317032279867645e-05 -6.131648065655291005e-05 3.379963125937272914e-04
-2.114689512838423027e-05 -6.143481672871060363e-05 3.389696930825574373e-04
-2.096009624697998960e-05 -6.154338544738038343e-05 3.399460225948856395e-04
-2.076866807866569709e-05 -6.164991456454451747e-05 3.409216967917418160e-04
-2.057322606869383934e-05 -6.175429025354073082e-05 3.418968364979936558e-04
-2.038064563478752666e-05 -6.185278966264773381e-05 3.428731562465504694e-04
-2.019097952761363075e-05 -6.194570988791906852e-05 3.438505932912357295e-04
-2.000971751482532671e-05 -6.201074219556100239e-05 3.448316370627724139e-04
-1.983101668931442735e-05 -6.212448423174477962e-05 3.458074806286526044e-04
-1.965133042762014982e-05 -6.223436414433472237e-05 3.467842839852237295e-04
-1.946043548835981710e-05 -6.228551600162818942e-05 3.477642573193493944e-04
-1.927428120968773673e-05 -6.234617733380379886e-05 3.487445763878673465e-04
-1.909620698875052599e-05 -6.242651548474603619e-05 3.497253082594951358e-04
-1.891718967837300276e-05 -6.250853025264069707e-05 3.507057290459275611e-04
-1.873701704600487354e-05 -6.259337814798655864e-05 3.516856962449642614e-04
-1.855572283500294428e-05 -6.268198253203791266e-05 3.526651233181743016e-04
-1.837308547920798963e-05 -6.277516825922730564e-05 3.536438744113923078e-04
-1.819823949050180221e-05 -6.288075976552434632e-05 3.546227349052609619e-04
-1.801144978060321853e-05 -6.296829646917081146e-05 3.556009546033093473e-04
-1.782183506356316681e-05 -6.306065390962503874e-05 3.565783331160100097e-04
-1.763657089005102094e-05 -6.316420442232292126e-05 3.575555508330285643e-04
-1.745161868736313704e-05 -6.326759583783630753e-05 3.585328444666868470e-04
-1.726726933153796721e-05 -6.337037864819898862e-05 3.595103160790298711e-04
-1.708402935371259728e-05 -6.347201513184933745e-05 3.604881158309433155e-04
-1.690257226250813097e-05 -6.357193934388111287e-05 3.614664239506826769e-04
-1.672308067392660037e-05 -6.366966372010779440e-05 3.624453165341782936e-04
-1.654596171173439639e-05 -6.377093094165929902e-05 3.634242774698162159e-04
-1.637170379603017904e-05 -6.387616003940908946e-05 3.644033368462769058e-04
-1.620038927504265159e-05 -6.400690088318465771e-05 3.653797071795660857e-04
-1.603281074658654645e-05 -6.411990456144511655e-05 3.663588963997699548e-04
-1.585398274733952929e-05 -6.415512971897849043e-05 3.673411937538642764e-04
-1.568441084275395278e-05 -6.422208498181739618e-05 3.683236623033831880e-04
-1.553521346082755887e-05 -6.432717828928056526e-05 3.693067845180930849e-04
-1.536804699528559874e-05 -6.442202279774940691e-05 3.702879645622807019e-04
-1.520427867385075342e-05 -6.450438945891398914e-05 3.712709724235066684e-04
-1.504764117473746098e-05 -6.458547933599674974e-05 3.722552932491794350e-04
-1.489338683415734557e-05 -6.466832140263781921e-05 3.732398443435141957e-04
-1.474211602841163596e-05 -6.475300265372096065e-05 3.742247013438667041e-04
-1.459371671482414103e-05 -6.483950501977576140e-05 3.752098372351423718e-04
-1.444804537389252088e-05 -6.492772521296477780e-05 3.761952279613153642e-04
-1.430513863720700969e-05 -6.501749004200699114e-05 3.771808840034977534e-04
-1.416521176832342496e-05 -6.510856921164484676e-05 3.781668468487357597e-04
-1.402837017893297486e-05 -6.520069569519218163e-05 3.791531454124252853e-04
-1.389433472963723833e-05 -6.529359654367598831e-05 3.801397569355865168e-04
-1.376293473052420197e-05 -6.538700795223968589e-05 3.811266747903538799e-04
-1.363408829136433727e-05 -6.548069303827027559e-05 3.821139034006454209e-04
-1.350110969061409507e-05 -6.560334786071807007e-05 3.830972125205410906e-04
-1.338883477001876957e-05 -6.567502539443664561e-05 3.840873085135683949e-04
-1.326124501411356531e-05 -6.574409696715213488e-05 3.850764524101660084e-04
-1.313525139929070323e-05 -6.582924963974817322e-05 3.860647807134669467e-04
-1.301688146069965506e-05 -6.591418368155625869e-05 3.870541086422210446e-04
-1.290139342131201010e-05 -6.599569586551329054e-05 3.880440653324017473e-04
-1.278832040435849476e-05 -6.607427443481081854e-05 3.890345385281518843e-04
-1.267723677448681115e-05 -6.615052045850509162e-05 3.900254195633196409e-04
-1.256775194657817298e-05 -6.622511970991093986e-05 3.910166042639894295e-04
-1.245959884390876580e-05 -6.629879242903762514e-05 3.920080046787314740e-04
-1.235216821834690890e-05 -6.637233524664905250e-05 3.929994934893056222e-04
-1.224490958209259816e-05 -6.644653998782730064e-05 3.939909515408856772e-04
-1.213739504035837185e-05 -6.652215095179216076e-05 3.949822754042283876e-04
-1.202933002335461492e-05 -6.659981823325644950e-05 3.959733801290532193e-04
-1.192034786137987639e-05 -6.668012012343103715e-05 3.969641740305504714e-04
-1.181009274517050525e-05 -6.676353675157403885e-05 3.979545692950599376e-04
-1.171999374090845572e-05 -6.685837760158960656e-05 3.989458562028399061e-04
-1.160409296722632890e-05 -6.693124764778908933e-05 3.999360046604890501e-04
-1.148680657927035017e-05 -6.701147778747204760e-05 4.009257268186563680e-04
-1.137672476542837316e-05 -6.710002837475667766e-05 4.019156967349738364e-04
-1.125732363262337978e-05 -6.718743773580953312e-05 4.029046658232261335e-04
-1.114468738978903754e-05 -6.726521951791736688e-05 4.038952050095712034e-04
-1.104397500938685427e-05 -6.734980632556081303e-05 4.048864803839293848e-04
-1.093684682807247307e-05 -6.743441726952031966e-05 4.058770926791959322e-04
-1.082500163915956261e-05 -6.751588716537647403e-05 4.068674728235183950e-04
-1.071248954985447289e-05 -6.759620376622852138e-05 4.078578716984041820e-04
-1.059923317325111313e-05 -6.767566918107950484e-05 4.088482544484025195e-04
-1.048515176512355865e-05 -6.775459141396736177e-05 4.098385859661684248e-04
-1.037026146220781510e-05 -6.783335119634663433e-05 4.108288369340500762e-04
-1.025461973937148045e-05 -6.791231090722945544e-05 4.118189845079504169e-04
-1.013830564672089654e-05 -6.799179568677646995e-05 4.128090112884038980e-04
-1.002431312605635339e-05 -6.808126850553119158e-05 4.137984323968793132e-04
-9.887124205183302366e-06 -6.815631915765855617e-05 4.147859162809070313e-04
-9.753934789335728920e-06 -6.823390005082085609e-05 4.157738888739390039e-04
-9.623617162970428561e-06 -6.831715787715109372e-05 4.167618558562867503e-04
-9.488321942251850465e-06 -6.840162071983757442e-05 4.177490518575170068e-04
-9.348888636910559824e-06 -6.848734593671969642e-05 4.187355638738251770e-04
-9.206492680922029656e-06 -6.857440898983644816e-05 4.197215362768060183e-04
-9.060309562194289934e-06 -6.866262085803718281e-05 4.207068508940163456e-04
-8.897547141646186772e-06 -6.875053835127332741e-05 4.216895390259944604e-04
-8.745813549561526196e-06 -6.883279733187029495e-05 4.226744558581930437e-04
-8.599094465942894318e-06 -6.891911513886759232e-05 4.236598505013950636e-04
-8.451070773565033691e-06 -6.900733447429377334e-05 4.246448916405717693e-04
-8.303506631986808854e-06 -6.909435750377567386e-05 4.256301080445177524e-04
-8.157245046345260522e-06 -6.918004081940079563e-05 4.266156358335524562e-04
-8.013111851629383056e-06 -6.926431790161171177e-05 4.276015979854910949e-04
-7.858030309078168989e-06 -6.935921818079717090e-05 4.285848754591778907e-04
-7.708415363487634858e-06 -6.945170566916994491e-05 4.295692517852659018e-04
-7.559289165189688122e-06 -6.953638223671689401e-05 4.305544296330291159e-04
-7.404346605490127950e-06 -6.962010928615786944e-05 4.315387945156077924e-04
-7.244303823181380494e-06 -6.970542483307102274e-05 4.325222080969971707e-04
-7.080306882078640208e-06 -6.979223849255827448e-05 4.335048398033600203e-04
-6.913506543377548504e-06 -6.988037486417591647e-05 4.344868825590345214e-04
-6.744804276574941446e-06 -6.996953307585611532e-05 4.354685085397717609e-04
-6.575506069201738549e-06 -7.005947292416555541e-05 4.364499609453393551e-04
-6.407102507589406097e-06 -7.014997591161583744e-05 4.374315153295477588e-04
-6.239883468425488288e-06 -7.024061883323039180e-05 4.384132593796942826e-04
-6.076299951625345885e-06 -7.033129499187606125e-05 4.393956102889588853e-04
-5.897615471186170200e-06 -7.041877078121767616e-05 4.403755535535821067e-04
-5.743731681542595540e-06 -7.050775272813318225e-05 4.413593794855392386e-04
-5.596653744057381453e-06 -7.059634448013704221e-05 4.423445137250407028e-04
-5.426457256463271547e-06 -7.069796121767974221e-05 4.433245311430879937e-04
-5.265660470180166668e-06 -7.078121952236766262e-05 4.443077737746269594e-04
-5.112363907184237294e-06 -7.086241365357874339e-05 4.452925922984280957e-04
-4.955034349316312570e-06 -7.094786824189847237e-05 4.462764310585798973e-04
-4.792575587858233401e-06 -7.103313970958429694e-05 4.472594520468593446e-04
-4.625185033444706288e-06 -7.111793110859886363e-05 4.482416869961420962e-04
-4.453150187106063585e-06 -7.120191006323548942e-05 4.492231893299997083e-04
-4.277244613593481518e-06 -7.128484406662221023e-05 4.502040951003382502e-04
-4.098213757090696719e-06 -7.136647275736184351e-05 4.511845452140079288e-04
-3.916722915081069869e-06 -7.144650998571112520e-05 4.521646745007897646e-04
-3.736571237990086748e-06 -7.152862257849729752e-05 4.531448775561509532e-04
-3.570436988364240334e-06 -7.162482606633803158e-05 4.541261999081171955e-04
-3.384850439824115924e-06 -7.170419870105517888e-05 4.551053559835064807e-04
-3.198028197235676146e-06 -7.177722351301915604e-05 4.560850059244269186e-04
-3.016955676765128483e-06 -7.185168142639279752e-05 4.570656526041178697e-04
-2.801505506550977198e-06 -7.194885870738206620e-05 4.580369051335030778e-04
-2.613229603529737102e-06 -7.202082502052310862e-05 4.590156660992804512e-04
-2.453684317595604004e-06 -7.209554651491939948e-05 4.599999272922664084e-04
-2.281202668018039058e-06 -7.217938470841901244e-05 4.609812952509639329e-04
-2.100336651183355211e-06 -7.226591185784667689e-05 4.619609880996992587e-04
-1.918636198006882096e-06 -7.235526819028644701e-05 4.629402729074113057e-04
-1.736071557981326888e-06 -7.244670760073000778e-05 4.639192050165793710e-04
-1.552468801447880711e-06 -7.253933258748155341e-05 4.648978317046731541e-04
-1.367533818065557488e-06 -7.263212132189487773e-05 4.658761919878904798e-04
-1.181086528894412002e-06 -7.272407211979013762e-05 4.668543441589769784e-04
-9.930755510492833453e-07 -7.281425768708081842e-05 4.678323610410976829e-04
-8.034156963218617019e-07 -7.290177535152626810e-05 4.688103014055811091e-04
-6.120152207248388844e-07 -7.298578492221788675e-05 4.697882096805546664e-04
-4.187709900985729580e-07 -7.306551532466055402e-05 4.707661128828103704e-04
-2.238466567917544146e-07 -7.314048436030930135e-05 4.717440589862703648e-04
-2.099145701670581501e-08 -7.325817476283297128e-05 4.727157074695914445e-04
1.550108285995821406e-07 -7.333277074184202100e-05 4.736961656202527682e-04
3.371148871361374896e-07 -7.339952631311599362e-05 4.746770024847139953e-04
5.244715593694549941e-07 -7.347901314598170484e-05 4.756560668721320460e-04
7.229176288919069420e-07 -7.355790330032511049e-05 4.766329607527870597e-04
9.201758674907727039e-07 -7.365501277056443047e-05 4.776083970373622145e-04
1.083811050733991913e-06 -7.375434976922608666e-05 4.785896751153995328e-04
1.263088573369091829e-06 -7.385621007307582961e-05 4.795679815371208660e-04
1.447123774655856059e-06 -7.395279133541992071e-05 4.805461154285604712e-04
1.628583879891323061e-06 -7.404593948890140186e-05 4.815250920193331341e-04
1.811807722869263133e-06 -7.413808073056192527e-05 4.825038349915013007e-04
1.997132221438562955e-06 -7.422783608061522863e-05 4.834824033712729376e-04
2.184815876717211828e-06 -7.431406180731346548e-05 4.844608386070643584e-04
2.375037675727140199e-06 -7.439580013846863325e-05 4.854391678763662898e-04
2.567873324961492316e-06 -7.447227999631752810e-05 4.864174098006277328e-04
2.768378277291417359e-06 -7.460778926317646119e-05 4.873867766311194664e-04
2.953976651544587670e-06 -7.467956474364310677e-05 4.883646346316395867e-04
3.143995220776793072e-06 -7.474069144029632798e-05 4.893442038169416863e-04
3.339579365304310321e-06 -7.482216438437802695e-05 4.903214951042979969e-04
3.534028388952098091e-06 -7.490999546938679652e-05 4.912984632003216702e-04
3.727051828287380093e-06 -7.500317809761507899e-05 4.922752195074433894e-04
3.918538716909366197e-06 -7.510057722740744255e-05 4.932518680418524794e-04
4.126229458463582306e-06 -7.519174218983143572e-05 4.942257152758381712e-04
4.336023534767567386e-06 -7.528203938244224197e-05 4.951992689495926178e-04
4.510298122295255785e-06 -7.538294270482314352e-05 4.961784806341352529e-04
4.679545737099892335e-06 -7.548263173711194289e-05 4.971589543370825981e-04
4.862316795342131914e-06 -7.557371181937212539e-05 4.981378585894760506e-04
5.047218277785406910e-06 -7.565756480966770187e-05 4.991170258010413016e-04
5.229344296037879968e-06 -7.573415201404375824e-05 5.000973061026949690e-04
5.408556981018423701e-06 -7.580264497387537756e-05 5.010787202449026347e-04
5.591384204411196625e-06 -7.591167844657898539e-05 5.020552976163134874e-04
5.760556907386701898e-06 -7.595362627231891242e-05 5.030377762307125349e-04
5.945137527423637089e-06 -7.595927449946914402e-05 5.040203852812868979e-04
6.127042288693072890e-06 -7.598165981024013909e-05 5.050033438975557940e-04
6.300783371117284222e-06 -7.600472974039122840e-05 5.059878569676303818e-04
6.475043640626577124e-06 -7.602042796602235554e-05 5.069724257663853206e-04
6.649834205350566333e-06 -7.603024435166562617e-05 5.079569790294650826e-04
6.824995793676469491e-06 -7.603580186980193564e-05 5.089415014154210701e-04
7.000452030344578072e-06 -7.603885329446691071e-05 5.099259835053162986e-04
7.176270779925973239e-06 -7.604125168848704052e-05 5.109104031166119761e-04
7.352433251555317899e-06 -7.604482729621411113e-05 5.118947572422686068e-04
7.535695988157043262e-06 -7.604582000218633193e-05 5.128777967565124538e-04
7.724410306172546553e-06 -7.604689788671296165e-05 5.138598252830222333e-04
7.894214096176362471e-06 -7.606275224405048866e-05 5.148449525680422190e-04
8.043148716062118242e-06 -7.609334672978556712e-05 5.158333067793591242e-04
8.209213278164396595e-06 -7.613978813218668057e-05 5.168180532022711993e-04
8.378480202600295941e-06 -7.613325531497445499e-05 5.178016976002991663e-04
8.537425250571096399e-06 -7.611569333260873157e-05 5.187878924220808326e-04
8.697444433547609844e-06 -7.613504671143776618e-05 5.197748069026880864e-04
8.854211833234613632e-06 -7.614693206612367638e-05 5.207623635815916176e-04
9.007981317897139048e-06 -7.615253564559589720e-05 5.217504492965588034e-04
9.159095151656612309e-06 -7.615333226137882517e-05 5.227389625431398332e-04
9.308084481412650532e-06 -7.615112260045136681e-05 5.237277978936407882e-04
9.455484576311805843e-06 -7.614784466651616204e-05 5.247168691705399526e-04
9.601752409121340611e-06 -7.614542427904887544e-05 5.257061107325393737e-04
9.747275752155833698e-06 -7.614568324886418060e-05 5.266954639272080491e-04
9.900767532935046125e-06 -7.613643044952055495e-05 5.276834818100551057e-04
1.005482362764512921e-05 -7.613296356951867181e-05 5.286714004382789787e-04
1.021184030275053650e-05 -7.613000982490476971e-05 5.296588644131861208e-04
1.037132073938901012e-05 -7.613288170194140638e-05 5.306458915628697003e-04
1.053312468210785648e-05 -7.614901806153155119e-05 5.316325507883643345e-04
1.067417144224706656e-05 -7.614149061096332869e-05 5.326219741031753413e-04
1.080248691471582678e-05 -7.613998824150368253e-05 5.336133577781032068e-04
1.094843227790047072e-05 -7.615160430096478772e-05 5.346025232401446954e-04
1.109816259753610034e-05 -7.615101917267941820e-05 5.355912409663252105e-04
1.124402366319173122e-05 -7.614385223616402403e-05 5.365805140095918774e-04
1.138644465643358531e-05 -7.613162817979073017e-05 5.375702410178005708e-04
1.152590583279239512e-05 -7.611594613727673238e-05 5.385603425211312432e-04
1.166294540651294741e-05 -7.609841831687318137e-05 5.395507522620479786e-04
1.179824074622386421e-05 -7.608089644830151252e-05 5.405414022666326160e-04
1.193252810106476231e-05 -7.606528235433655089e-05 5.415322206849498658e-04
1.206650668521141435e-05 -7.605324489767363116e-05 5.425231294485478514e-04
1.220082540553376954e-05 -7.604607950019819638e-05 5.435140380804170078e-04
1.233615217387207525e-05 -7.604503211602816086e-05 5.445048325240795309e-04
1.247312133861575755e-05 -7.605122469163910868e-05 5.454953806929957981e-04
1.258763398218957636e-05 -7.605842329104832661e-05 5.464885291467150817e-04
1.269599877647934937e-05 -7.605884002340627188e-05 5.474825416396161479e-04
1.281825082778790516e-05 -7.606792554434357444e-05 5.484749310428476028e-04
1.293601140915568687e-05 -7.608690369829217257e-05 5.494677769307607096e-04
1.304389043257967354e-05 -7.610459701864379306e-05 5.504617728650427165e-04
1.313625038325038042e-05 -7.612686342082909219e-05 5.514571864415522898e-04
1.321708259892943637e-05 -7.615495106716510261e-05 5.524535148536875197e-04
1.330301949905303702e-05 -7.616481291476897176e-05 5.534496037657098653e-04
1.338877361385198759e-05 -7.617300247525775510e-05 5.544458141053475696e-04
1.347137509646489210e-05 -7.619083438049331419e-05 5.554422369876532012e-04
1.355711792375930837e-05 -7.620877514863202170e-05 5.564383904547807319e-04
1.364892944204754032e-05 -7.622689377012156395e-05 5.574339958699511474e-04
1.374942797232663650e-05 -7.624535331412428093e-05 5.584287507898830910e-04
1.386081736515429861e-05 -7.626409914511387200e-05 5.594223347237608189e-04
1.398481077825816744e-05 -7.628281757459393487e-05 5.604144206280106850e-04
1.402431577985852833e-05 -7.630496396684718831e-05 5.614110392879265860e-04
1.410040151679669264e-05 -7.633380282613471627e-05 5.624054829371175762e-04
1.421632657425702939e-05 -7.636055282966550302e-05 5.633983459052394581e-04
1.431073866697143278e-05 -7.638671569877865364e-05 5.643934638937496417e-04
1.438222075806579777e-05 -7.641538042248358694e-05 5.653904390433670164e-04
1.443422520099037776e-05 -7.644589816380486299e-05 5.663885824849115673e-04
1.447115665028449943e-05 -7.647743188789260245e-05 5.673873826743261808e-04
1.449816916205777707e-05 -7.650889336218278010e-05 5.683865153383251163e-04
1.452099489009233873e-05 -7.653871571578320723e-05 5.693858088120081970e-04
1.454544275535635172e-05 -7.656590609050028791e-05 5.703851380270776907e-04
1.457726868513882614e-05 -7.658949362563790479e-05 5.713843429175713765e-04
1.462196017866098566e-05 -7.660838731031684352e-05 5.723831413580239037e-04
1.468452207666169939e-05 -7.662130571894738775e-05 5.733810577203436731e-04
1.476906520561297198e-05 -7.662740565662018932e-05 5.743774016015259533e-04
1.487858382586396114e-05 -7.662628162312544911e-05 5.753713156194119847e-04
1.488694991130196728e-05 -7.668255728109973424e-05 5.763669881327609761e-04
1.501972492076424832e-05 -7.670974316016147495e-05 5.773517168582197392e-04
1.518444590496392213e-05 -7.671848584989416329e-05 5.783377422112711240e-04
1.533076350579957951e-05 -7.673832585323909518e-05 5.793267542448447653e-04
1.547284900829785258e-05 -7.677132060110736244e-05 5.803160384131623994e-04
1.561145692135626402e-05 -7.681497371683722233e-05 5.813054102195192203e-04
1.574755698448065608e-05 -7.686606076452359975e-05 5.822947818915026261e-04
1.588209699578604505e-05 -7.692155539100204581e-05 5.832841332662577240e-04
1.601606835019458086e-05 -7.697840477236893677e-05 5.842734864955284949e-04
1.615052879862329709e-05 -7.703324523448647817e-05 5.852628846887927318e-04
1.628656792799564347e-05 -7.708252417966087702e-05 5.862523532802854480e-04
1.642525262943984822e-05 -7.712277919646327699e-05 5.872418544165796533e-04
1.656751741002631184e-05 -7.715099810594616442e-05 5.882312545887895434e-04
1.671452421164893191e-05 -7.716426776365462774e-05 5.892202620458031337e-04
1.686818012823834961e-05 -7.715946489659779198e-05 5.902083194485089300e-04
1.698668936923672306e-05 -7.718349483243778435e-05 5.911973506113350069e-04
1.710036495016035510e-05 -7.725134978594358688e-05 5.921776658785317220e-04
1.738306630234797003e-05 -7.721216708263962654e-05 5.931342381869835270e-04
1.756882875555385330e-05 -7.719181631531323799e-05 5.941165899747955816e-04
1.776489521567889781e-05 -7.718588478028498101e-05 5.950971396721585482e-04
1.796981118087821963e-05 -7.719208160441105632e-05 5.960758842020914827e-04
1.818177282229611850e-05 -7.720824887707974883e-05 5.970530204987885975e-04
1.839877620206677901e-05 -7.723150536552235825e-05 5.980289116811750121e-04
1.861866627152328454e-05 -7.725855905442535027e-05 5.990040610119483008e-04
1.883919570930567850e-05 -7.728575192632685634e-05 5.999790615018037003e-04
1.905807808621182264e-05 -7.730965648300761831e-05 6.009545166722638984e-04
1.927515701164895655e-05 -7.733099895468117523e-05 6.019304043160208541e-04
1.949690576058146798e-05 -7.736676081965034046e-05 6.029046732392703487e-04
1.968109480955463001e-05 -7.736512191045937718e-05 6.038875478871657577e-04
1.987306110159188605e-05 -7.734830302681546487e-05 6.048687914884560979e-04
2.005402038304421905e-05 -7.733046174753241484e-05 6.058514348847156110e-04
2.025611619944110841e-05 -7.741894101301933400e-05 6.068233274045954466e-04
2.064053824909757749e-05 -7.725699890190814985e-05 6.077312176065185513e-04
2.085627785698852455e-05 -7.720742188760019390e-05 6.087063803228887245e-04
2.111103604933923901e-05 -7.715429208161433397e-05 6.096719011582677969e-04
2.140061770988144313e-05 -7.709745993330180912e-05 6.106273496641191449e-04
2.171949521611935262e-05 -7.703667034618338720e-05 6.115731853265351722e-04
2.206116484715846363e-05 -7.697149121624049996e-05 6.125107391690928250e-04
2.241853046133939596e-05 -7.690161694176284154e-05 6.134420856009903389e-04
2.278426196553766909e-05 -7.682725618003650916e-05 6.143698306584452658e-04
2.315076172856600647e-05 -7.674828429272319698e-05 6.152968912631062715e-04
2.351040780068492414e-05 -7.666470607724540115e-05 6.162262291458707811e-04
2.385568422567760263e-05 -7.657604763652054879e-05 6.171605312083618643e-04
2.417973739341848207e-05 -7.648306482777954393e-05 6.181019845909268250e-04
2.447617997257462138e-05 -7.638610781195651620e-05 6.190520926758710275e-04
2.473954688819006984e-05 -7.628567472457324292e-05 6.200115363352168632e-04
2.504173072544318019e-05 -7.630500552486457809e-05 6.209644976798815719e-04
2.537531684085742780e-05 -7.605298461051441410e-05 6.218716165908373845e-04
2.560917961183581252e-05 -7.592515213269759584e-05 6.228346490276944966e-04
2.584955398516303020e-05 -7.579519009088086351e-05 6.237965841806212240e-04
2.609863944047342726e-05 -7.565777358888991101e-05 6.247552638540066275e-04
2.638531499397092178e-05 -7.546129215839283023e-05 6.256927628527915279e-04
2.666144475126741808e-05 -7.527488899535213012e-05 6.266356192227390091e-04
2.694924070014014338e-05 -7.513616625487298058e-05 6.275830954144147843e-04
2.723027881519108376e-05 -7.498757698094460865e-05 6.285312030935531410e-04
2.748998462229308582e-05 -7.481369295846756139e-05 6.294810334435516248e-04
2.774132705476220676e-05 -7.463617448003532736e-05 6.304325106686291258e-04
2.798266062118366635e-05 -7.446099079718105024e-05 6.313870003365963830e-04
2.820997784423781275e-05 -7.429095161775580922e-05 6.323458400030288092e-04
2.841969657186374442e-05 -7.412844210133200313e-05 6.333099671121584541e-04
2.860896683864080266e-05 -7.397557603335007035e-05 6.342798707183149032e-04
2.888506238918300449e-05 -7.386328775932189867e-05 6.352329697338265566e-04
2.906765667924636508e-05 -7.361128837275937099e-05 6.361772414043682065e-04
2.921118693703927553e-05 -7.342935496639395657e-05 6.371473227499207734e-04
2.937251802785538623e-05 -7.326877102932246417e-05 6.381209125478526541e-04
2.954805214151605904e-05 -7.308950886526553541e-05 6.390888909605461216e-04
2.972886806199388914e-05 -7.290125749484566208e-05 6.400542170971576690e-04
2.993093696045231585e-05 -7.269815090859792889e-05 6.410121575324608661e-04
3.012763566857546696e-05 -7.249721302712098863e-05 6.419717467598768865e-04
3.032456674099097286e-05 -7.227252499393453059e-05 6.429258707034450279e-04
3.051215179775552651e-05 -7.202534203928264160e-05 6.438764458581323555e-04
3.066921492810484843e-05 -7.181994012512494976e-05 6.448416588430245719e-04
3.083601414052538752e-05 -7.163033622507636224e-05 6.458090912026706425e-04
3.100717175993602978e-05 -7.143669746514511238e-05 6.467751035250882824e-04
3.116673924282593584e-05 -7.124513778426804422e-05 6.477435080144973260e-04
3.131405542386336664e-05 -7.105844309234360119e-05 6.487147945721865802e-04
3.152599809661794873e-05 -7.088818958949791250e-05 6.496756715229827853e-04
3.161877641746886565e-05 -7.065539157155695162e-05 6.506345037881615563e-04
3.168164971634622511e-05 -7.041994556478222594e-05 6.516023830454558546e-04
3.181075019101240126e-05 -7.022931393545942360e-05 6.525751947796779202e-04
3.192266789959559192e-05 -7.003323194089530789e-05 6.535488093132439148e-04
3.199962350741981075e-05 -6.983089013685901149e-05 6.545250312025184189e-04
3.207490661314720448e-05 -6.962515296699089246e-05 6.555006802688874944e-04
3.215431697859172806e-05 -6.941339836243553500e-05 6.564747688460365223e-04
3.223237354718154181e-05 -6.920668371567939711e-05 6.574500460585922315e-04
3.232849795552877984e-05 -6.899607660240416305e-05 6.584226496109254687e-04
3.243300893196118128e-05 -6.879051243215126058e-05 6.593954877192162618e-04
3.252521882743786405e-05 -6.859820407260115314e-05 6.603724712303093297e-04
3.261879767623876734e-05 -6.838490269746643282e-05 6.613447280930523364e-04
3.272077214108597875e-05 -6.817489906104833507e-05 6.623163611728295243e-04
3.282786336161157552e-05 -6.803177805021609203e-05 6.632996564769791208e-04
3.295087254034505139e-05 -6.791710981870327838e-05 6.642842666697776344e-04
3.305940147182627275e-05 -6.777073933802364746e-05 6.652622336181719144e-04
3.307446667020594620e-05 -6.760811841158817276e-05 6.662468344299488608e-04
3.316897839265923299e-05 -6.747145824800920507e-05 6.672329028150295743e-04
3.324803815270936923e-05 -6.733869792577614345e-05 6.682208670586711405e-04
3.331326015469894883e-05 -6.720984715405511683e-05 6.692103652508885059e-04
3.336693816908371194e-05 -6.708493887909325543e-05 6.702010681589607236e-04
3.341157223625546691e-05 -6.696387944946450828e-05 6.711927025380287626e-04
3.344989788082739835e-05 -6.684651253486622268e-05 6.721850481585214983e-04
3.348478082264271514e-05 -6.673262211153239813e-05 6.731779276675205551e-04
3.351926440126358752e-05 -6.662192714817011187e-05 6.741711825042329652e-04
3.356219615274531350e-05 -6.650915013222302892e-05 6.751637606800990968e-04
3.362864011002363837e-05 -6.638571276421649959e-05 6.761538600678598972e-04
3.369079324546324334e-05 -6.627024530312643159e-05 6.771451165299732615e-04
3.373592387491848441e-05 -6.613365787258428813e-05 6.781347029357763685e-04
3.381164448727391107e-05 -6.600496045886027150e-05 6.791224057939556150e-04
3.393565062804885287e-05 -6.590632803577961302e-05 6.801068548404555665e-04
3.393406696266028111e-05 -6.577574756499223602e-05 6.810969756810020953e-04
3.402541760003214389e-05 -6.569802359264202067e-05 6.820895971916558082e-04
3.411327898539866314e-05 -6.564998314341657958e-05 6.830845022937686792e-04
3.420172035590203768e-05 -6.557637287441077454e-05 6.840778477930154269e-04
3.429153831573264835e-05 -6.549728962657303639e-05 6.850706382328275619e-04
3.437828060724488024e-05 -6.543340740156397680e-05 6.860648024974783099e-04
3.446238969131996049e-05 -6.538161131443177702e-05 6.870599030685004688e-04
3.454441894045410502e-05 -6.533816668001696021e-05 6.880555822181325630e-04
3.462492263745895903e-05 -6.529919827213697574e-05 6.890515740608873542e-04
3.470446620989256188e-05 -6.526084812406660475e-05 6.900476670797812268e-04
3.478361142163936755e-05 -6.521941364829409804e-05 6.910436652093469335e-04
3.486291958734532388e-05 -6.517118574408141461e-05 6.920393390372776149e-04
3.494846963608794449e-05 -6.510611940269391885e-05 6.930333983895236444e-04
3.505889579248326350e-05 -6.503069805855963821e-05 6.940241447937660693e-04
3.514831620638043209e-05 -6.496295921876323563e-05 6.950157560568128584e-04
3.518191293769875987e-05 -6.486804611363794916e-05 6.960099311508639169e-04
3.526334601829505530e-05 -6.475675184566913854e-05 6.970003620946369632e-04
3.534232753883364913e-05 -6.463459738159173555e-05 6.979897106802342675e-04
3.542104075435238561e-05 -6.450777406461143755e-05 6.989785025937503109e-04
3.551091528052074432e-05 -6.440551170736910863e-05 6.999687479801257849e-04
3.560833105065743632e-05 -6.431238964904896472e-05 7.009589844542605218e-04
3.568645541442937695e-05 -6.417217171108379598e-05 7.019459890070761481e-04
3.574312920597081240e-05 -6.402113144449327249e-05 7.029327174130428971e-04
3.579906137995150323e-05 -6.387250956775339101e-05 7.039195180562015687e-04
3.589143720911937800e-05 -6.374500205502846360e-05 7.049070435757465863e-04
3.598574943581081542e-05 -6.361996233219339970e-05 7.058947009893272277e-04
3.608266638048671841e-05 -6.349787287967735723e-05 7.068824745879100264e-04
3.618277779214903984e-05 -6.337933397492848662e-05 7.078703609725411211e-04
3.629358602175928298e-05 -6.326837695887918230e-05 7.088579072290612099e-04
3.638571875010557341e-05 -6.314862522317398667e-05 7.098452728735303759e-04
3.644515084906049124e-05 -6.301278546676038531e-05 7.108336787851441026e-04
3.653871647800792605e-05 -6.289737839896112237e-05 7.118225741445695365e-04
3.662550999781825076e-05 -6.278010849253485345e-05 7.128118692331553326e-04
3.670647017719102850e-05 -6.266125882249064976e-05 7.138014720018065820e-04
3.678281336012582058e-05 -6.254139176533875331e-05 7.147913205995414833e-04
3.685599925020719488e-05 -6.242136345647059928e-05 7.157813892221852672e-04
3.692764109530401450e-05 -6.230221175096139769e-05 7.167716769138875177e-04
3.699937586827205629e-05 -6.218474939661767706e-05 7.177621593744808876e-04
3.707282625267538948e-05 -6.206959442523503204e-05 7.187527857843403929e-04
3.714960659004929437e-05 -6.195760466789987386e-05 7.197435206654366653e-04
3.723121031052447830e-05 -6.184975915906784064e-05 7.207343268891604898e-04
3.731891905229872599e-05 -6.174687887513331591e-05 7.217251378910036208e-04
3.741372544000834638e-05 -6.164915367993538723e-05 7.227158150670443156e-04
3.751636604325781589e-05 -6.155697024599832221e-05 7.237062413389598430e-04
3.760689129287595579e-05 -6.145979790988183897e-05 7.246970435519691639e-04
3.768290096741404017e-05 -6.135645536342879461e-05 7.256884548111023486e-04
3.778432335087752303e-05 -6.126788228500160344e-05 7.266793276769056148e-04
3.787671814779292289e-05 -6.117555500603750291e-05 7.276707585284381170e-04
3.796765902069946613e-05 -6.108382370965305549e-05 7.286623789698040352e-04
3.805927588060751209e-05 -6.099381222961054532e-05 7.296540954485814835e-04
3.814786049955811619e-05 -6.090344590320754224e-05 7.306460557997538664e-04
3.823441402520405422e-05 -6.081299508654497643e-05 7.316381881865476750e-04
3.831995892993754124e-05 -6.072296047506984488e-05 7.326304460567498698e-04
3.840547626562198808e-05 -6.063393068839395349e-05 7.336227967617140779e-04
3.849190778320533756e-05 -6.054645180087073555e-05 7.346152058415695782e-04
3.858024915197547918e-05 -6.046081727615866888e-05 7.356076070194369869e-04
3.867133454889512724e-05 -6.037739462356794183e-05 7.365999478548797622e-04
3.876578992344820483e-05 -6.029653580582041371e-05 7.375921852778672891e-04
3.886401780391831879e-05 -6.021851282321537589e-05 7.385842830504750142e-04
3.895837866634792714e-05 -6.013931452758835606e-05 7.395766241206475598e-04
3.904904791097535627e-05 -6.005890009295097843e-05 7.405692006522595142e-04
3.915112257324998980e-05 -5.998500313103169131e-05 7.415612288358118011e-04
3.925275183629092687e-05 -5.991160049724379765e-05 7.425533394144877980e-04
3.935391929256829171e-05 -5.983868536838112635e-05 7.435455331811463391e-04
3.945483621680108362e-05 -5.976619164911294436e-05 7.445377833417226275e-04
3.955554338453086942e-05 -5.969411725196677030e-05 7.455300853613784466e-04
3.965596714677709208e-05 -5.962245005145417210e-05 7.465224455767693890e-04
3.975600342052582227e-05 -5.955115416813155498e-05 7.475148716915664890e-04
3.985578422188747189e-05 -5.948018530506510179e-05 7.485073469711851085e-04
3.995537213293828767e-05 -5.940951713731586615e-05 7.494998630816953472e-04
4.005124681650215238e-05 -5.933731329514641543e-05 7.504926209486078095e-04
4.014391247508606187e-05 -5.926384770141746879e-05 7.514855956038115833e-04
4.024080544060759581e-05 -5.919293756271786302e-05 7.524783610284462888e-04
4.033656675927258493e-05 -5.912171225418645556e-05 7.534712136795279798e-04
4.043116694572001097e-05 -5.905013314501353399e-05 7.544641521845664271e-04
4.052438591907377716e-05 -5.897808564529440816e-05 7.554571872274403257e-04
4.061604113924423162e-05 -5.890545588347670646e-05 7.564503255732884721e-04
4.070638881233679818e-05 -5.883229488057982882e-05 7.574435447289381770e-04
4.079541484057021196e-05 -5.875856946965033861e-05 7.584368414755102844e-04
4.088296482294915402e-05 -5.868417906907731109e-05 7.594302196717605570e-04
4.096881395845670476e-05 -5.860897808772183614e-05 7.604236852706233209e-04
4.105304982509636822e-05 -5.853296603942702942e-05 7.614172273395936746e-04
4.113580199206060998e-05 -5.845617818877530997e-05 7.624108344173948122e-04
4.121700233291205017e-05 -5.837855370176471157e-05 7.634045044475194254e-04
4.129637710651210642e-05 -5.829990704299242417e-05 7.643982412909558662e-04
4.137379705211667548e-05 -5.822012606629594023e-05 7.653920422260457324e-04
4.144956965560807403e-05 -5.813935708757254439e-05 7.663858902996886421e-04
4.152366418207205465e-05 -5.805756071411773844e-05 7.673797808470067365e-04
4.159584453681747712e-05 -5.797456265491561040e-05 7.683737122383322606e-04
4.166585607239340212e-05 -5.789016746188221420e-05 7.693676813073460109e-04
4.173393749037907749e-05 -5.780449638312103969e-05 7.703616753962552050e-04
4.180017530044826996e-05 -5.771758479538688938e-05 7.713556863320138353e-04
4.186444373129364992e-05 -5.762932615126868511e-05 7.723497076523476099e-04
4.192643160093166853e-05 -5.753947661635488238e-05 7.733437309734802166e-04
4.198610481343989704e-05 -5.744798091025828655e-05 7.743377461759274119e-04
4.204376761038983309e-05 -5.735503116408481058e-05 7.753317451039353457e-04
4.209938854981327988e-05 -5.726058763363175421e-05 7.763257195476797046e-04
4.215264455608476056e-05 -5.716438818947104314e-05 7.773196543780923513e-04
4.220325365233381276e-05 -5.706619409493258246e-05 7.783135330067937445e-04
4.225161914108206430e-05 -5.696628338298378942e-05 7.793073523192591869e-04
4.229777490070750305e-05 -5.686466538761175883e-05 7.803011035761625754e-04
4.234153546743193709e-05 -5.676117778330745856e-05 7.812947698287281938e-04
4.238255382588227148e-05 -5.665552394800562003e-05 7.822883248735576500e-04
4.242089749465319145e-05 -5.654773167845028928e-05 7.832817575210686972e-04
4.245686334714636576e-05 -5.643801940999127110e-05 7.842750688718137103e-04
4.249041983184797850e-05 -5.632634770554422322e-05 7.852682461389442863e-04
4.252115738464511298e-05 -5.621236126604727267e-05 7.862612504371574614e-04
4.254876768913300699e-05 -5.609578237969143271e-05 7.872540467067706479e-04
4.257381991385995130e-05 -5.597706190898702047e-05 7.882466570018360069e-04
4.259629551807756870e-05 -5.585617143754091635e-05 7.892390670100270407e-04
4.261595045774534926e-05 -5.573288909092128859e-05 7.902312418941559273e-04
4.263240276162928580e-05 -5.560686944570442683e-05 7.912231310725180433e-04
4.264582202808559765e-05 -5.547823653540707160e-05 7.922147310048368099e-04
4.265649922280834866e-05 -5.534722608722275226e-05 7.932060529020905533e-04
4.266437843427831603e-05 -5.521377785185408962e-05 7.941970756493478556e-04
4.266899681666757839e-05 -5.507746994133621286e-05 7.951877281339590937e-04
4.267007237413559802e-05 -5.493803472470298654e-05 7.961779569605059725e-04
4.266824345056684025e-05 -5.479601883268893668e-05 7.971678178186050387e-04
4.266348051082556798e-05 -5.465138567594209941e-05 7.981572898254486563e-04
4.265547596093054378e-05 -5.450384698174122911e-05 7.991463107135982243e-04
4.264381587562638846e-05 -5.435301379885000838e-05 8.001347984417039004e-04
4.262878815866808332e-05 -5.419912851975415221e-05 8.011227707972719617e-04
4.261066991062525055e-05 -5.404243057690036919e-05 8.021102490395194511e-04
4.258936054317060402e-05 -5.388281850496565861e-05 8.030971963781095325e-04
4.256435949815224283e-05 -5.371981977988303362e-05 8.040835017275294559e-04
4.253546139353672458e-05 -5.355322935716736658e-05 8.050691020066260729e-04
4.250332287271395992e-05 -5.338363921397011255e-05 8.060540901211822769e-04
4.246791815288469986e-05 -5.321101731589537008e-05 8.070384393381539040e-04
4.242885016366072402e-05 -5.303498328693549723e-05 8.080220436384867415e-04
4.238568276208055761e-05 -5.285511600232057071e-05 8.090047836555990662e-04
4.233888880420645591e-05 -5.267184398137279659e-05 8.099867289001858213e-04
4.228868978075576713e-05 -5.248536649477858636e-05 8.109679021194348206e-04
4.223489783057271480e-05 -5.229549827664402566e-05 8.119482334906459250e-04
4.218800432278399607e-05 -5.210377594136710050e-05 8.129284872656285417e-04
4.214571462253464745e-05 -5.190973639369529012e-05 8.139084576709097567e-04
4.208653052877882301e-05 -5.170983405703975143e-05 8.148864822723261500e-04
4.203083568748660048e-05 -5.150781808938643583e-05 8.158642778164212558e-04
4.197748527642718451e-05 -5.130303071841685770e-05 8.168416274182284907e-04
4.192517708194570114e-05 -5.109487929359067960e-05 8.178183232177855394e-04
4.187361276996889821e-05 -5.088393220318955328e-05 8.187944586601743693e-04
4.182153172813970712e-05 -5.066999151047968928e-05 8.197699144409575575e-04
4.176709629281242993e-05 -5.045240945191494344e-05 8.207444329723094685e-04
4.170826408351026911e-05 -5.023039832249330761e-05 8.217176946504526312e-04
4.164388968700268669e-05 -5.000405554484874061e-05 8.226896060385159581e-04
4.157289115512340327e-05 -4.977350260561753150e-05 8.236600627017222169e-04
4.149371076294305975e-05 -4.953830107390253613e-05 8.246287645605728314e-04
4.147988080812407651e-05 -4.928366022202625586e-05 8.255914679946409554e-04
4.149587369085240768e-05 -4.901572143432576236e-05 8.265499780270072448e-04
4.144873965370979481e-05 -4.876065871239489933e-05 8.275138394590198648e-04
4.143333641607397494e-05 -4.849653708071002920e-05 8.284769987114224549e-04
4.137462891423188447e-05 -4.822344685609445384e-05 8.294370490412638144e-04
4.134804028630982873e-05 -4.794060635901796686e-05 8.303957110314683435e-04
4.135175013054951130e-05 -4.764954892633369954e-05 8.313522993001996875e-04
4.138176226135027453e-05 -4.735092539722573915e-05 8.323061184614169959e-04
4.143227740194000010e-05 -4.704454910817615723e-05 8.332566413774954855e-04
4.149731426995996268e-05 -4.673079913499385036e-05 8.342038919639141285e-04
4.157143517446805400e-05 -4.641115653584067257e-05 8.351485176112229472e-04
4.164808910078010389e-05 -4.608624342925082259e-05 8.360911462023229955e-04
4.171970356764474161e-05 -4.575570124561600965e-05 8.370322002649783523e-04
4.177942344789645158e-05 -4.541989034772765985e-05 8.379722052025660728e-04
4.182160625104398670e-05 -4.508024349660099718e-05 8.389117578959928365e-04
4.184049229149749673e-05 -4.473761456371861561e-05 8.398509537788745143e-04
4.182993642934373766e-05 -4.439175708181782596e-05 8.407890499138059338e-04
4.178580055134311250e-05 -4.404355423672437752e-05 8.417252824894816583e-04
4.168523529100587468e-05 -4.369162332077684201e-05 8.426552753900812785e-04
4.154943583982191325e-05 -4.334036489968617288e-05 8.435816257235740148e-04
4.137918325759060547e-05 -4.298975736808071713e-05 8.445022885798483987e-04
4.116659501504224078e-05 -4.263952511289752396e-05 8.454142989129170491e-04
4.091615962439453246e-05 -4.229098572418642850e-05 8.463173437519913578e-04
4.063258596611064166e-05 -4.194439664392958484e-05 8.472113329767356517e-04
4.032000239983123591e-05 -4.159858015789849193e-05 8.480959228832824805e-04
3.998453477392332057e-05 -4.125388641650086892e-05 8.489725835904089919e-04
