# first line: diameter, stdev on diameter, fiber length; other lines: x, y, z coordinates
1.399999999999999979e-05 9.971360964565319321e-07 5.709981933145834949e-04
4.642432943979011922e-05 -8.621857772714885590e-05 7.888576870512028355e-07
4.651622570233532056e-05 -8.589556868249724161e-05 1.730539090849568876e-06
4.661311271196620052e-05 -8.556502798784718609e-05 2.669343779096618186e-06
4.670949824521312965e-05 -8.523053238936331656e-05 3.606798303431137456e-06
4.680538875684471235e-05 -8.489199277710032603e-05 4.542850825183051416e-06
4.690065027075450812e-05 -8.454799390445479317e-05 5.476974433292437425e-06
4.699545258185314504e-05 -8.419976727580648693e-05 6.409577826142157791e-06
4.708982737063540530e-05 -8.384743662748432959e-05 7.340681923504854128e-06
4.718378805666259524e-05 -8.349097740199888347e-05 8.270255219127841534e-06
4.727726738973605960e-05 -8.312944383194951473e-05 9.197914865338501986e-06
4.737030899311089205e-05 -8.276296732141031438e-05 1.012367714789169822e-05
4.746298999016319842e-05 -8.239218326382951999e-05 1.104775918205308342e-05
4.755532972911745800e-05 -8.201714992749180582e-05 1.197015906684328369e-05
4.764732370769771803e-05 -8.163762483115456737e-05 1.289075438704436263e-05
4.773891388398608112e-05 -8.125253007800445381e-05 1.380907349813795780e-05
4.783020831982762329e-05 -8.086311352641778732e-05 1.472559861715339730e-05
4.792123029401299639e-05 -8.046954266460662876e-05 1.564037466128174146e-05
4.801199214530278144e-05 -8.007184323177800854e-05 1.655338928153375459e-05
4.810244632676469894e-05 -7.966891858889957670e-05 1.746413997532692344e-05
4.819265183664142121e-05 -7.926141136523554823e-05 1.837287465916736563e-05
4.828265049676197496e-05 -7.884983039543598353e-05 1.927979232680472783e-05
4.837245710487939640e-05 -7.843424381810694109e-05 2.018490054893264801e-05
4.846206450835774621e-05 -7.801417519311597086e-05 2.108795686245942130e-05
4.855147512428907716e-05 -7.758912048557312980e-05 2.198869631550473373e-05
4.864074467688862975e-05 -7.716005006035915104e-05 2.288754441038924614e-05
4.872989004119884408e-05 -7.672709398807943046e-05 2.378453969330155196e-05
4.881892336136895208e-05 -7.629027661034911735e-05 2.467967211583856936e-05
4.890783241661435493e-05 -7.584823883356793615e-05 2.557224966984942942e-05
4.899666684696852361e-05 -7.540219406507453752e-05 2.646283986495242407e-05
4.908544454548592785e-05 -7.495237335543165056e-05 2.735153458713638838e-05
4.917417772691880793e-05 -7.449880725223550679e-05 2.823832807202645082e-05
4.926287775352435473e-05 -7.404068105549524610e-05 2.912277723775323970e-05
4.935157048876649276e-05 -7.357820422743789135e-05 3.000496016997513705e-05
4.944027358440538218e-05 -7.311200999228366674e-05 3.088518356041385776e-05
4.952899944109014763e-05 -7.264218272340938775e-05 3.176347086675788446e-05
4.961776576933256394e-05 -7.216840511519591035e-05 3.263962926639690787e-05
4.970660771936676780e-05 -7.168997158596548741e-05 3.351324585920429505e-05
4.979552875517867289e-05 -7.120788051023287937e-05 3.438484199397447670e-05
4.988453960055931570e-05 -7.072226506718875714e-05 3.525447024764656601e-05
4.997365209988553460e-05 -7.023314705734923853e-05 3.612212290515846684e-05
5.006293018222616217e-05 -6.973932004911556420e-05 3.698708626749167526e-05
5.015236082798149071e-05 -6.924180604222967606e-05 3.784991910220532330e-05
5.024194857104617614e-05 -6.874086042450151368e-05 3.871074786840388374e-05
5.033170475846193969e-05 -6.823651627296064995e-05 3.956957232866659645e-05
5.042169037285499061e-05 -6.772800928860842886e-05 4.042591403325660089e-05
5.051192019391209426e-05 -6.721555063634623817e-05 4.127987122555087235e-05
5.060237650733086104e-05 -6.669971761745597063e-05 4.213177065606169176e-05
5.069306794278653956e-05 -6.618058627177360732e-05 4.298163911992960128e-05
5.078403802474208744e-05 -6.565779834373218515e-05 4.382923311402157907e-05
5.087535717482059351e-05 -6.513082252869913113e-05 4.467419176214823366e-05
5.096697372723005856e-05 -6.460052960363876025e-05 4.551704083040428866e-05
5.105889204588478928e-05 -6.406703474229387559e-05 4.635783390503325947e-05
5.115112421966437921e-05 -6.353035327554043662e-05 4.719656209250773851e-05
5.124382311012049880e-05 -6.298927293884957069e-05 4.803240683011749008e-05
5.133689185688932935e-05 -6.244493241062676326e-05 4.886609164327484003e-05
5.143032907461217841e-05 -6.189748256412402991e-05 4.969769667504384848e-05
5.152414645645382010e-05 -6.134694166121850215e-05 5.052721569042068275e-05
5.161847636244566397e-05 -6.079245910329157400e-05 5.135404631026528437e-05
5.171328518310764282e-05 -6.023450436202549169e-05 5.217848326079959666e-05
5.180853405410417199e-05 -5.967349315167833014e-05 5.300079274368242610e-05
5.190422999832050875e-05 -5.910947899294329705e-05 5.382099340950222480e-05
5.200047044335467900e-05 -5.854195844026428825e-05 5.463870761519677190e-05
5.209731147852208528e-05 -5.797076985847911951e-05 5.545379264768274599e-05
5.219466589700386041e-05 -5.739657636052226708e-05 5.626670271998411056e-05
5.229253461825414666e-05 -5.681946445080138545e-05 5.707748160710532023e-05
5.239096680092436385e-05 -5.623925576254161301e-05 5.788597876708228077e-05
5.249013368570650093e-05 -5.565519945152836069e-05 5.869161021515058307e-05
5.258988912914615732e-05 -5.506818864834733200e-05 5.949501922462765297e-05
5.269022655800832119e-05 -5.447834052590930530e-05 6.029627478017110347e-05
5.279115789886706006e-05 -5.388567087459232569e-05 6.109537078539690330e-05
5.289292419254143301e-05 -5.328919928938555576e-05 6.189152597937605527e-05
5.299537559839020924e-05 -5.268973441757954283e-05 6.268534231026155756e-05
5.309847987121979262e-05 -5.208749820619022183e-05 6.347697350536033595e-05
5.320224648832020932e-05 -5.148251755243474622e-05 6.426642255101641839e-05
5.330686415310825017e-05 -5.087412989618040162e-05 6.505313585032624323e-05
5.341230619609256569e-05 -5.026256829232679237e-05 6.583727416956813849e-05
5.351847817658944150e-05 -4.964827932681097229e-05 6.661917920864051518e-05
5.362538172098719200e-05 -4.903131991109106540e-05 6.739887891173265352e-05
5.373313817500818048e-05 -4.841133221684915827e-05 6.817605479946496627e-05
5.384187250703642981e-05 -4.778799868013332974e-05 6.895041283995939803e-05
5.395141633451133940e-05 -4.716198020223469171e-05 6.972248792862993476e-05
5.406176195547933238e-05 -4.653336333614298156e-05 7.049233441315506075e-05
5.417294733037883095e-05 -4.590208609229704391e-05 7.125987966583231283e-05
5.428528367321059918e-05 -4.526736394814948240e-05 7.202440979668027314e-05
5.439852031062013352e-05 -4.463012900662063058e-05 7.278671428472883488e-05
5.451264178342528181e-05 -4.399054603740932959e-05 7.354691754122514441e-05
5.462766421008088827e-05 -4.334867832500438736e-05 7.430505657435890025e-05
5.474390262921600058e-05 -4.270394209761034661e-05 7.506057118350593221e-05
5.486120673835065691e-05 -4.205688008820138401e-05 7.581393005065117235e-05
5.497949471992825515e-05 -4.140779343838472861e-05 7.656539112142865706e-05
5.509877483044625722e-05 -4.075676318129732735e-05 7.731501179692725975e-05
5.521926869185697970e-05 -4.010350791600362038e-05 7.806249946199828905e-05
5.534103447710814373e-05 -3.944811029262812468e-05 7.880790280388521793e-05
5.546388960939829360e-05 -3.879100384815323640e-05 7.955162127517060276e-05
5.558782951384557411e-05 -3.813228792004021985e-05 8.029373425805577669e-05
5.571296071067446357e-05 -3.747190968794846471e-05 8.103416802388171102e-05
5.583959135231511637e-05 -3.680962872318594662e-05 8.177264465761150194e-05
5.596742061225127435e-05 -3.614595580055679773e-05 8.250966398611883287e-05
5.609642874942302905e-05 -3.548100125933412998e-05 8.324532147270134394e-05
5.622663288538967100e-05 -3.481482426381785392e-05 8.397966110254041772e-05
5.635849469217325028e-05 -3.414712407683825098e-05 8.471231941758008456e-05
5.649170616619627661e-05 -3.347831636322291820e-05 8.544372257130372281e-05
5.662619717450306659e-05 -3.280854517158718342e-05 8.617400908619539737e-05
5.676198007566384885e-05 -3.213787345439421492e-05 8.690322931338462405e-05
5.689938722673752372e-05 -3.146619363398302710e-05 8.763121628427446817e-05
5.703838815909285855e-05 -3.079366198430516288e-05 8.835811348693639773e-05
5.717878269332218281e-05 -3.012047707198223996e-05 8.908413772053301941e-05
5.732056645917249667e-05 -2.944671032021323103e-05 8.980935180999947455e-05
5.746391794329365791e-05 -2.877237429793195165e-05 9.053372807548342935e-05
5.760913069718774936e-05 -2.809750394662981351e-05 9.125723541171136197e-05
5.775585510749241529e-05 -2.742229627773653915e-05 9.198012290275933700e-05
5.790406746461329574e-05 -2.674682398363112398e-05 9.270245942638306695e-05
5.805378593685232982e-05 -2.607114487150338571e-05 9.342429174388983473e-05
5.820562047116032719e-05 -2.539531600868422668e-05 9.414554147789996712e-05
5.835910418101500585e-05 -2.471947248565565375e-05 9.486642846879872644e-05
5.851417786653779856e-05 -2.404368185317104221e-05 9.558702471290929543e-05
5.867085790589949076e-05 -2.336800249599833588e-05 9.630737778024492379e-05
5.882980440807240131e-05 -2.270563915536969322e-05 9.703948223532864528e-05
5.899052494837777233e-05 -2.203351579690679383e-05 9.776225103919284135e-05
5.915314139637466487e-05 -2.136595662070204192e-05 9.848882836965291120e-05
5.931741825918121768e-05 -2.070045479735700287e-05 9.921692169735261621e-05
5.948370458988703813e-05 -2.003874701662527842e-05 9.994800939763163854e-05
5.965232905269567885e-05 -1.938078103267990723e-05 1.006819333883074343e-04
5.982285323901843119e-05 -1.872585289011781523e-05 1.014181326337954773e-04
5.999523722498975104e-05 -1.807326487537023470e-05 1.021559753222492199e-04
6.016948407514100092e-05 -1.742225926422110151e-05 1.028947779155521460e-04
6.034631200855287931e-05 -1.677244129179324941e-05 1.036340126048444863e-04
6.052511604216936387e-05 -1.612275455395154985e-05 1.043728874360865672e-04
6.070581473846019195e-05 -1.547241756760106153e-05 1.051107285245742734e-04
6.088840594689200430e-05 -1.482076883758543103e-05 1.058469444678933682e-04
6.107336345930040628e-05 -1.416758884223975571e-05 1.065812100544479175e-04
6.126058217899067748e-05 -1.351245135595673859e-05 1.073131548959924565e-04
6.146783714927875808e-05 -1.291291987038347377e-05 1.080860081515621837e-04
6.166227594785958098e-05 -1.226313375734995072e-05 1.088206591298918665e-04
6.186252828687389374e-05 -1.162222506769598480e-05 1.095616861147095250e-04
6.207614271126375228e-05 -1.100921457910515663e-05 1.103222901462899610e-04
6.229039588172174719e-05 -1.039397944518630893e-05 1.110809601254432889e-04
6.251079788393757277e-05 -9.790496632792266516e-06 1.118472623248976863e-04
6.273682791474083690e-05 -9.197698053448097024e-06 1.126202381982069432e-04
6.296820464964979019e-05 -8.613963717455095151e-06 1.133985137109084617e-04
6.320332808397194791e-05 -8.036117284527176827e-06 1.141800556892127571e-04
6.344093101178914940e-05 -7.461145438221719655e-06 1.149629678940684158e-04
6.367990956643348110e-05 -6.886171749713091771e-06 1.157454603286736140e-04
6.391959921416066719e-05 -6.308907943290182874e-06 1.165260465623443008e-04
6.415916275143696804e-05 -5.727058415578193378e-06 1.173032587080051307e-04
6.439726087589509160e-05 -5.137943978566839153e-06 1.180754304361802259e-04
6.463314875135780526e-05 -4.539864764027874179e-06 1.188413622886796972e-04
6.488643740701231842e-05 -3.962535029764837378e-06 1.196175611223658335e-04
6.512101164909443805e-05 -3.334677214901061108e-06 1.203595136434001695e-04
6.535656662518622684e-05 -2.711611802563208980e-06 1.211053661495885541e-04
6.559408498047871795e-05 -2.083375880387756855e-06 1.218462440609718433e-04
6.583337030898230838e-05 -1.449679543915173232e-06 1.225818850168517663e-04
6.607486546896708672e-05 -8.122938101741123140e-07 1.233136071378678703e-04
6.631816296398712390e-05 -1.721995196205369416e-07 1.240423624048888566e-04
6.656256422603662394e-05 4.720577658209116146e-07 1.247670675755781829e-04
6.680813829835284654e-05 1.115021011278380345e-06 1.254925268018493734e-04
6.705484460011450914e-05 1.756467180705310987e-06 1.262189443165689408e-04
6.730296978180187381e-05 2.394187617782325730e-06 1.269481519991487190e-04
6.755192681751485593e-05 3.027190175606891950e-06 1.276811759211753453e-04
6.780164532666943143e-05 3.653825622171932491e-06 1.284193905254371344e-04
6.805215531385122195e-05 4.272439793461106728e-06 1.291640708279177211e-04
6.830392248317301959e-05 4.880627821718169940e-06 1.299168652805541245e-04
6.855665736363039328e-05 5.477725615484116113e-06 1.306781647176240464e-04
6.879167039360377476e-05 6.123821424508358182e-06 1.314039054188895911e-04
6.903759656955350561e-05 6.726788545985499085e-06 1.321624024649011540e-04
6.928307197712096671e-05 7.323810431292518079e-06 1.329261467575885113e-04
6.952622915184563594e-05 7.921461520134035820e-06 1.336901409946010880e-04
6.976762568851288028e-05 8.518881230701246476e-06 1.344548743036841354e-04
7.000816031067038953e-05 9.114504468471242807e-06 1.352212784451359111e-04
7.024885958489142086e-05 9.706537368077473204e-06 1.359904070869035787e-04
7.048446923202566952e-05 1.030892841087331132e-05 1.367530298893283001e-04
7.072636984710625578e-05 1.089347022301272249e-05 1.375274602287937954e-04
7.097073873928386330e-05 1.147109854915038296e-05 1.383063222119766504e-04
7.121796877974364767e-05 1.204161106827199240e-05 1.390895129325024713e-04
7.146886379647156675e-05 1.260277267451211489e-05 1.398782724680626161e-04
7.172396727225479642e-05 1.315364899979311688e-05 1.406729103104640503e-04
7.198368321083755956e-05 1.369374412450355965e-05 1.414734331102191628e-04
7.224820704922302566e-05 1.422248931869529397e-05 1.422799362429168907e-04
7.249530962300922772e-05 1.477586675991724909e-05 1.430753369818878098e-04
7.276085034099915390e-05 1.529401433516121793e-05 1.438883146259867241e-04
7.302655256143551971e-05 1.580791208452009272e-05 1.447039805839761464e-04
7.329156738941028999e-05 1.631887022874991950e-05 1.455217143028033396e-04
7.355581274341485543e-05 1.682689745164862136e-05 1.463415205296878484e-04
7.381883000148062117e-05 1.733095929953254615e-05 1.471641642244655990e-04
7.408074705623281546e-05 1.783195509030777794e-05 1.479890291396460545e-04
7.434153079676134707e-05 1.833005876736207280e-05 1.488160019706083210e-04
7.460110156105371516e-05 1.882528451701177762e-05 1.496450821630061160e-04
7.485907530402923003e-05 1.931705105222138475e-05 1.504767157705160733e-04
7.511536742688090091e-05 1.980547648503902077e-05 1.513108346001591515e-04
7.537022403464232394e-05 2.029121214279849543e-05 1.521469616899322544e-04
7.562363549417136900e-05 2.077435781179313884e-05 1.529850263920727853e-04
7.587549499260926673e-05 2.125485442673176283e-05 1.538250795538776035e-04
7.612533127734064965e-05 2.173215706544134616e-05 1.546675540567909405e-04
7.637361917937095159e-05 2.220719223306130301e-05 1.555117663166317825e-04
7.662035977315047504e-05 2.268007332065128079e-05 1.563576399511016398e-04
7.686553453809829065e-05 2.315088025847695312e-05 1.572051243621871031e-04
7.710861301974260111e-05 2.361912548710946839e-05 1.580546293409848448e-04
7.733417389773555525e-05 2.409672769550366889e-05 1.589037484010671995e-04
7.757243754860060456e-05 2.456225251576281255e-05 1.597561004153555484e-04
7.780807715305834032e-05 2.502684993466584065e-05 1.606096944559416793e-04
7.804019691269619601e-05 2.549079311022142347e-05 1.614646076861534028e-04
7.826869085243217674e-05 2.595408582804796925e-05 1.623208493803814361e-04
7.849403218653731428e-05 2.641710629923535908e-05 1.631780733588406376e-04
7.871633327454773967e-05 2.687986399364624470e-05 1.640362325464610367e-04
7.893567695544633216e-05 2.734231995174614115e-05 1.648953149086529457e-04
7.915152244148220798e-05 2.780415004190266951e-05 1.657556190457765144e-04
7.936469274541971112e-05 2.826572625749215845e-05 1.666167262172964410e-04
7.957403780830891364e-05 2.872805597206538186e-05 1.674783672979459487e-04
7.978221431755280258e-05 2.918915416284060602e-05 1.683409511351186948e-04
7.998744800729973390e-05 2.964994877023326288e-05 1.692044018532594916e-04
8.019016007218685894e-05 3.011055124145006060e-05 1.700685505470259356e-04
8.039083149613185700e-05 3.057093888084801999e-05 1.709332898482997243e-04
8.058970924595121863e-05 3.103101164291259453e-05 1.717986109338318686e-04
8.078676420064010127e-05 3.149067067832968432e-05 1.726645686670705716e-04
8.098192623406136217e-05 3.194989832292798910e-05 1.735311837046398138e-04
8.117596512631612704e-05 3.240862930840517656e-05 1.743983138793327690e-04
8.136911452371810456e-05 3.286677921756390671e-05 1.752659497074929556e-04
8.156156927698027899e-05 3.332427795374616865e-05 1.761340833612121300e-04
8.175265369987664503e-05 3.378132043094387785e-05 1.770027598526576797e-04
8.191846875006749968e-05 3.427426002393739034e-05 1.778568386355877315e-04
8.210682719991303519e-05 3.473299203727223382e-05 1.787251859573771220e-04
8.229322549692060819e-05 3.519372504413420777e-05 1.795929303132419268e-04
8.247116093652668222e-05 3.566393349947054764e-05 1.804573596748866322e-04
8.265065324337547909e-05 3.613209912157664788e-05 1.813225782583683093e-04
8.282656871696938809e-05 3.660441691736510339e-05 1.821862730663988995e-04
8.299895557042451233e-05 3.708074734377370959e-05 1.830484744991024443e-04
8.316789633743190138e-05 3.756075152375710433e-05 1.839093196207950039e-04
8.333324457334979592e-05 3.804413729854563754e-05 1.847689692712740049e-04
8.349599218540052945e-05 3.853008422429814135e-05 1.856276708866357993e-04
8.365651931853329895e-05 3.901799938313742580e-05 1.864856741621667528e-04
8.381520353648228808e-05 3.950726995035915804e-05 1.873432483616738631e-04
8.397182442203874697e-05 3.999753261243417431e-05 1.882006352642187456e-04
8.412726016981704870e-05 4.048795553505286362e-05 1.890581462287545603e-04
8.428200346280955140e-05 4.097788344492540039e-05 1.899160653023508095e-04
8.443637701965933716e-05 4.146675855113244891e-05 1.907746512903242975e-04
8.459037191357925362e-05 4.195420512065088436e-05 1.916341170267480895e-04
8.474416891134489954e-05 4.243981149206136456e-05 1.924946592055149126e-04
8.489832103761431141e-05 4.292304887391259609e-05 1.933564704424172234e-04
8.505451828144526994e-05 4.340248738601787208e-05 1.942200332433765241e-04
8.521019677494358097e-05 4.387985114279962346e-05 1.950848383882254795e-04
8.536617256709960288e-05 4.435431403632824851e-05 1.959511849221561280e-04
8.552293327747946658e-05 4.482562393416203878e-05 1.968191093612288271e-04
8.568031938123466809e-05 4.529390287224117185e-05 1.976885599060044900e-04
8.583810320967721463e-05 4.575936995060513708e-05 1.985594470952883710e-04
8.599569117949725503e-05 4.622248587285746291e-05 1.994316222833892281e-04
8.615296841831218710e-05 4.668352954677131472e-05 2.003049506927635521e-04
8.632682281906482237e-05 4.713106279353537916e-05 2.011821513440996325e-04
8.648549373883219094e-05 4.758726533299374592e-05 2.020577640790750286e-04
8.664423341286205604e-05 4.804182567705801878e-05 2.029342208918240298e-04
8.680277209072120479e-05 4.849517823569966639e-05 2.038113394215166404e-04
8.696104712455620669e-05 4.894769139978682630e-05 2.046889388940184833e-04
8.711870967395423401e-05 4.939988273352396465e-05 2.055668144599039418e-04
8.727543411156353037e-05 4.985224786812945350e-05 2.064447684565224456e-04
8.743665484222223048e-05 5.029841360229017849e-05 2.073250768549494451e-04
8.759250308779426724e-05 5.075020358488864617e-05 2.082034821889414567e-04
8.774787954723988924e-05 5.120205182191117134e-05 2.090819418202115136e-04
8.790258985796039484e-05 5.165431844546226415e-05 2.099603037098271736e-04
8.805622223438214040e-05 5.210755967125319058e-05 2.108383523655454634e-04
8.820853142965368033e-05 5.256222423868479280e-05 2.117158955052308566e-04
8.835936646112378787e-05 5.301867614483437587e-05 2.125927651286216476e-04
8.850846862853585235e-05 5.347733470465467441e-05 2.134687792256357002e-04
8.865557521510479316e-05 5.393860657486577954e-05 2.143437578973389403e-04
8.880038397481191065e-05 5.440292887310421184e-05 2.152175055167497401e-04
8.894286538790531396e-05 5.487047975089554642e-05 2.160899130301352587e-04
8.908287060283321822e-05 5.534150542134838672e-05 2.169608510005978808e-04
8.922028437437841842e-05 5.581619842024215312e-05 2.178302091306813255e-04
8.935498504848193629e-05 5.629477179172265376e-05 2.186978627199045316e-04
8.948701397407378909e-05 5.677722899033876434e-05 2.195637743277612918e-04
8.964273882140059058e-05 5.722513345400853381e-05 2.204441666013425092e-04
8.977380598167615728e-05 5.770916725577286335e-05 2.213093170336157683e-04
8.990431055120023246e-05 5.819422859298207336e-05 2.221740042920000279e-04
9.003485802323305594e-05 5.867953462220525552e-05 2.230385477633564303e-04
9.016549000858834005e-05 5.916502193612075317e-05 2.239029766796687797e-04
9.029624128444160890e-05 5.965067877768443654e-05 2.247672923251170865e-04
9.042715019662207353e-05 6.013649694668043582e-05 2.256314934371722071e-04
9.055835951751369645e-05 6.062251122118072734e-05 2.264955387114074657e-04
9.068984414945674161e-05 6.110864894962445058e-05 2.273594726778995368e-04
9.082163726559045272e-05 6.159489816358055788e-05 2.282232968926689240e-04
9.095377330973190453e-05 6.208124823079410541e-05 2.290870119354378783e-04
9.108641681984693656e-05 6.256770744577238609e-05 2.299505877140625622e-04
9.121957639306781866e-05 6.305424237367177466e-05 2.308140414106496247e-04
9.135323409675054720e-05 6.354083080462490302e-05 2.316773879875080183e-04
9.148742308840865443e-05 6.402746181543946175e-05 2.325406281440108112e-04
9.162226668148093262e-05 6.451412618689192173e-05 2.334037474786608644e-04
9.175792089616205676e-05 6.500080432680521334e-05 2.342667320140391293e-04
9.189426331092640551e-05 6.548747727806454155e-05 2.351296110175218890e-04
9.203132458064826132e-05 6.597413407725738260e-05 2.359923852390689164e-04
9.216913867914530690e-05 6.646076390890639791e-05 2.368550547409060437e-04
9.230810188613705755e-05 6.694732913031045684e-05 2.377175763259074901e-04
9.244794592644732360e-05 6.743382934796777280e-05 2.385799922155491370e-04
9.258869549939254971e-05 6.792025399463336361e-05 2.394423034144594394e-04
9.273038331422454688e-05 6.840659234437637074e-05 2.403045096278234437e-04
9.287332426970557303e-05 6.889280180293023362e-05 2.411665816738951546e-04
9.301739253200590326e-05 6.937889175280122591e-05 2.420285334533431656e-04
9.316241996693293390e-05 6.986488095175834019e-05 2.428903811908169220e-04
9.330838423251592998e-05 7.035077255746682715e-05 2.437521257947477399e-04
9.345538604519119464e-05 7.083655737415846222e-05 2.446137542276678126e-04
9.360352043029226347e-05 7.132222796228739916e-05 2.454752530709337736e-04
9.375251126441961421e-05 7.180781381052950274e-05 2.463366519914426001e-04
9.390233391196622947e-05 7.229331843786642852e-05 2.471979524133081571e-04
9.405296928507357753e-05 7.277874481319702559e-05 2.480591551796431336e-04
9.420471304401667532e-05 7.326406760483120638e-05 2.489202217238965353e-04
9.435721058171443786e-05 7.374932229004880330e-05 2.497811934887416568e-04
9.451043556968572183e-05 7.423451262561225493e-05 2.506420723596121478e-04
9.466436907456564158e-05 7.471964167390202929e-05 2.515028593670185376e-04
9.481917836477989710e-05 7.520469790280845434e-05 2.523635303391838329e-04
9.497472638003439814e-05 7.568969590392637600e-05 2.532241009304575952e-04
9.513090002443570878e-05 7.617464669658248076e-05 2.540845848137387921e-04
9.528767855972690567e-05 7.665955358508658374e-05 2.549449834380543029e-04
9.544512835575636735e-05 7.714441444263657325e-05 2.558052854205556878e-04
9.560327534175953716e-05 7.762923181674333045e-05 2.566654840222813445e-04
9.576194608158195248e-05 7.811401958883743338e-05 2.575256028551750533e-04
9.592111860040849797e-05 7.859878119513331624e-05 2.583856437199335589e-04
9.608078513828578141e-05 7.908351944609208495e-05 2.592456061723908897e-04
9.624108149908394596e-05 7.956823380566643161e-05 2.601054649154122163e-04
9.640179962465860234e-05 8.005293657464903777e-05 2.609652514622940681e-04
9.656291685418923773e-05 8.053763121077630639e-05 2.618249678950318286e-04
9.672441464174528667e-05 8.102232098659136264e-05 2.626846156617329738e-04
9.688637600653395346e-05 8.150701119088592283e-05 2.635441759665454759e-04
9.704869256698337311e-05 8.199170819906079102e-05 2.644036654323523097e-04
9.721130669848173050e-05 8.247641534417592373e-05 2.652630929312386164e-04
9.737419913964335345e-05 8.296113593906693606e-05 2.661224601378795514e-04
9.753739332288776666e-05 8.344587784382111065e-05 2.669817580736170200e-04
9.770086169232203212e-05 8.393064920970299582e-05 2.678409872708491495e-04
9.786452604749326851e-05 8.441544924959075902e-05 2.687001629800775393e-04
9.802836670249518260e-05 8.490028121722771723e-05 2.695592870701950337e-04
9.819237278355756062e-05 8.538515101521012619e-05 2.704183582452072878e-04
9.835654743291463741e-05 8.587007755503429690e-05 2.712773651920661472e-04
9.852081611222594727e-05 8.635505152670641346e-05 2.721363273842135680e-04
9.868515922482598622e-05 8.684007601647288999e-05 2.729952468131866938e-04
9.884955837854303038e-05 8.732515438909143127e-05 2.738541250877500784e-04
9.901399262062024335e-05 8.781031346711626545e-05 2.747129510589619260e-04
9.917842010291644825e-05 8.829554272189961471e-05 2.755717386771993314e-04
9.934282023373471840e-05 8.878084122729939501e-05 2.764304924006300707e-04
9.950717458016320003e-05 8.926621226931018391e-05 2.772892138922767279e-04
9.967144068184706734e-05 8.975167836292806097e-05 2.781478985371896046e-04
9.983558189735263161e-05 9.023724433338095770e-05 2.790065505907963084e-04
9.999959355141928015e-05 9.072289844130180018e-05 2.798651775553614909e-04
1.001634575175378217e-04 9.120864373111482531e-05 2.807237811387488201e-04
1.003271349855977356e-04 9.169449375037831771e-05 2.815823610385140285e-04
1.004905446964011784e-04 9.218047781982046870e-05 2.824409160739089087e-04
1.006537219502154438e-04 9.266656895871462477e-05 2.832994547085647321e-04
1.008166494365110572e-04 9.315276986074675844e-05 2.841579786252662696e-04
1.009793086579288430e-04 9.363908387174773847e-05 2.850164893466069875e-04
1.011415494985894522e-04 9.412556367536106404e-05 2.858749853023967273e-04
1.013034458179296943e-04 9.461217278681729233e-05 2.867334730144229394e-04
1.014649898324233450e-04 9.509891019555848015e-05 2.875919543615971467e-04
1.016261631466999180e-04 9.558577914406817964e-05 2.884504307949283669e-04
1.017868333639743633e-04 9.607282052171721887e-05 2.893089037251449051e-04
1.019470018557139111e-04 9.656002763163338794e-05 2.901673763692153366e-04
1.021067141595806085e-04 9.704738171026472252e-05 2.910258505839575290e-04
1.022659529411576625e-04 9.753488556845146048e-05 2.918843277203236018e-04
1.024246299648111044e-04 9.802256343395784649e-05 2.927428100407988929e-04
1.025826218174225458e-04 9.851044784456052569e-05 2.936013013720825595e-04
1.027400525877165120e-04 9.899849775622741985e-05 2.944598017095214227e-04
1.028969065412487920e-04 9.948671543528031633e-05 2.953183122381465055e-04
1.030531648288454552e-04 9.997510409052138983e-05 2.961768341430237421e-04
1.032085312834091581e-04 1.004637433680881039e-04 2.970353752914166139e-04
1.033632288388400413e-04 1.009525669867087413e-04 2.978939322939250321e-04
1.035172456916406215e-04 1.014415760562704813e-04 2.987525060698962773e-04
1.036705628815901763e-04 1.019307737037809152e-04 2.996110976434774795e-04
1.038229466298091770e-04 1.024202191973259653e-04 3.004697141369813609e-04
1.039744591345408701e-04 1.029098922937196116e-04 3.013283550416130923e-04
1.041251843591601639e-04 1.033997686900027405e-04 3.021870185435815859e-04
1.042751052864488440e-04 1.038898508692347509e-04 3.030457054242886947e-04
1.044240794947108103e-04 1.043801726517146346e-04 3.039044202869389550e-04
1.045719512193327513e-04 1.048707695740910210e-04 3.047631685540925540e-04
1.047189277926126983e-04 1.053615872950422385e-04 3.056219443307382332e-04
1.048649947394670847e-04 1.058526275359511026e-04 3.064807480981698168e-04
1.050101309674316417e-04 1.063438936374720402e-04 3.073395804881705589e-04
1.051539035575613869e-04 1.068354865522011874e-04 3.081984552216992905e-04
1.052966717625036585e-04 1.073273173383218232e-04 3.090573613260569168e-04
1.054384242726967574e-04 1.078193868382045276e-04 3.099162989320162175e-04
1.055791415008704149e-04 1.083116978648276935e-04 3.107752683678562632e-04
1.057185015133071129e-04 1.088043223817491685e-04 3.116342793295526301e-04
1.058566019952367112e-04 1.092972346425671431e-04 3.124933286448566133e-04
1.059935767395704757e-04 1.097904019270831726e-04 3.133524118316768654e-04
1.061294091656301560e-04 1.102838261715704475e-04 3.142115288429290880e-04
1.062639257258473735e-04 1.107775440335754727e-04 3.150706842017043843e-04
1.063968937099026214e-04 1.112716038642653534e-04 3.159298840313931774e-04
1.065286244106323918e-04 1.117659344315539825e-04 3.167891187376245966e-04
1.066591049723737938e-04 1.122605366663951063e-04 3.176483878566580508e-04
1.067883153629004071e-04 1.127554130552195722e-04 3.185076910629447075e-04
1.069157108607090710e-04 1.132506773338055948e-04 3.193670417541160950e-04
1.070417288841579392e-04 1.137462331527921896e-04 3.202264274930017793e-04
1.071663875702659165e-04 1.142420746598479602e-04 3.210858466995349537e-04
1.072896672959135488e-04 1.147382040316736210e-04 3.219452986849321696e-04
1.074112040397572906e-04 1.152346941829413424e-04 3.228047905606799568e-04
1.075310412554474608e-04 1.157315327416822510e-04 3.236643197498587348e-04
1.076494051899591257e-04 1.162286709165751708e-04 3.245238798514956530e-04
1.077662806407271806e-04 1.167261097353804574e-04 3.253834696976183084e-04
1.078815201663340978e-04 1.172238765466201445e-04 3.262430905422062603e-04
1.079947024525259935e-04 1.177220518588555705e-04 3.271027480542428034e-04
1.081062960639555219e-04 1.182205397976740920e-04 3.279624320589962210e-04
1.082162909937515105e-04 1.187193401276427792e-04 3.288221409005114091e-04
1.083246666333003615e-04 1.192184546786442725e-04 3.296818730275697957e-04
1.084308413462840002e-04 1.197179923904333041e-04 3.305416339835281700e-04
1.085351893172706853e-04 1.202178779445254605e-04 3.314014164350720208e-04
1.086378251300603847e-04 1.207180870158504630e-04 3.322612168265822244e-04
1.087387307319537076e-04 1.212186206642265200e-04 3.331210331227905594e-04
1.088375803609818216e-04 1.217195367865454885e-04 3.339808654899464185e-04
1.089342061078471633e-04 1.222208625331522476e-04 3.348407119043788575e-04
1.090290022463434675e-04 1.227225222927139287e-04 3.357005671875479876e-04
1.091219568108989447e-04 1.232245157154757608e-04 3.365604287933286060e-04
1.092130384736246897e-04 1.237268459088245961e-04 3.374202941512788063e-04
1.093014611249316714e-04 1.242296493370289223e-04 3.382801604181911483e-04
1.093879355705406774e-04 1.247327959859065663e-04 3.391400240943523089e-04
1.094724567884131636e-04 1.252362840018675198e-04 3.399998821648792403e-04
1.095550038711427088e-04 1.257401143110779091e-04 3.408597315219812247e-04
1.096350577906343959e-04 1.262443727693409953e-04 3.417195656023955253e-04
1.097127345377207778e-04 1.267490351180750356e-04 3.425793807677992089e-04
1.097883394384812831e-04 1.272540462133002340e-04 3.434391758616373892e-04
1.098618584495915064e-04 1.277594054713757619e-04 3.442989472755709612e-04
1.099331100023558631e-04 1.282651398172598403e-04 3.451586890273455194e-04
1.100015071369944735e-04 1.287713410651391752e-04 3.460183877867096646e-04
1.100677128682691638e-04 1.292778969121795795e-04 3.468780492758825364e-04
1.101317211297106398e-04 1.297848051525181737e-04 3.477376694696174188e-04
1.101935111122739035e-04 1.302920659351521732e-04 3.485972440118855365e-04
1.102523584164505588e-04 1.307997891687900959e-04 3.494567519701263000e-04
1.103086877319905392e-04 1.313079034298685619e-04 3.503161975906721615e-04
1.103627038586432290e-04 1.318163732755276340e-04 3.511755814181850930e-04
1.104143907224261917e-04 1.323251977438005323e-04 3.520348985979980787e-04
1.104634033824672835e-04 1.328344250215117146e-04 3.528941338329842723e-04
1.105093807575663404e-04 1.333441037303883495e-04 3.537532691552465382e-04
1.105529257454089547e-04 1.338541399189424900e-04 3.546123190947664781e-04
1.105940313113675666e-04 1.343645309170911502e-04 3.554712784870697750e-04
1.106326771137505337e-04 1.348752759698926479e-04 3.563301416118676030e-04
1.106679168820840804e-04 1.353865048030251266e-04 3.571888633333213190e-04
1.107005172917594702e-04 1.358981034486562089e-04 3.580474691195472542e-04
1.107305673453569655e-04 1.364100553645243834e-04 3.589059573810623061e-04
1.107580490099904417e-04 1.369223590708453376e-04 3.597643218337025304e-04
1.107824321278768275e-04 1.374350817363284409e-04 3.606225296937670428e-04
1.108036413458255169e-04 1.379482239785234329e-04 3.614805710675636410e-04
1.108222698746861467e-04 1.384616876949105264e-04 3.623384800681647179e-04
1.108383756465689435e-04 1.389754478034982248e-04 3.631962626883577031e-04
1.108519566741165936e-04 1.394894843798780506e-04 3.640539233568946664e-04
1.108622473322763469e-04 1.400038382517151188e-04 3.649114395212094564e-04
1.108702237090533713e-04 1.405183841878648290e-04 3.657688651734817241e-04
1.108759578785826165e-04 1.410330956747470044e-04 3.666262093877585386e-04
1.108795019435451524e-04 1.415479485703753832e-04 3.674834805452843831e-04
1.108803861500852104e-04 1.420629368090799995e-04 3.683406772477756420e-04
1.108789324795538092e-04 1.425780043414391575e-04 3.691978255507663478e-04
1.108755107135979699e-04 1.430931115455149922e-04 3.700549444349597941e-04
1.108701794516713511e-04 1.436082349023053281e-04 3.709120438637766946e-04
1.108628323296687799e-04 1.441233471152608670e-04 3.717691350754081994e-04
1.108531629363153771e-04 1.446383958607624031e-04 3.726262413595124879e-04
1.108417998396802104e-04 1.451533617711765441e-04 3.734833766659796314e-04
1.108288071933016914e-04 1.456682225585760626e-04 3.743405519727673221e-04
1.108142366971143959e-04 1.461829560068726957e-04 3.751977783879683042e-04
1.107976737187237569e-04 1.466974743732504739e-04 3.760550977192863610e-04
1.107795835683408989e-04 1.472117782021409218e-04 3.769125149281926136e-04
1.107601404444112311e-04 1.477258586942508225e-04 3.777700364581294129e-04
1.107393981763761325e-04 1.482396945398463590e-04 3.786276741708899905e-04
1.107172161080761811e-04 1.487532125345911128e-04 3.794854662086480108e-04
1.106936086016273519e-04 1.492663471575208600e-04 3.803434495997157477e-04
1.106689221751378654e-04 1.497791419883051775e-04 3.812016057717429462e-04
1.106432142394562444e-04 1.502915773323652523e-04 3.820599466688844731e-04
1.106165306558960554e-04 1.508036297246025136e-04 3.829184863073790187e-04
1.105886083213033838e-04 1.513150979124996791e-04 3.837773347198009978e-04
1.105598819505423653e-04 1.518261110152072059e-04 3.846364274891159868e-04
1.105304107035543637e-04 1.523366515289349286e-04 3.854957759704188015e-04
1.105002454085947340e-04 1.528466987392529744e-04 3.863553932585408676e-04
1.104693010354718618e-04 1.533560894760502128e-04 3.872153720368284261e-04
1.104377366782509801e-04 1.538648326865646953e-04 3.880757115153031511e-04
1.104057012140318648e-04 1.543729894907467227e-04 3.889363800797295077e-04
1.103732473179253845e-04 1.548805410193290354e-04 3.897973900547531401e-04
1.103403995576340938e-04 1.553874028821800317e-04 3.906587912740700289e-04
1.103071927482705096e-04 1.558933901503667591e-04 3.915206927584723509e-04
1.102737896797412680e-04 1.563986767087751728e-04 3.923829976436509978e-04
1.102402432638877679e-04 1.569032461346986536e-04 3.932457167856878450e-04
1.102066040065902624e-04 1.574070777870772953e-04 3.941088633847445594e-04
1.101729490235406897e-04 1.579098701694800597e-04 3.949726151619057345e-04
1.101393734371442011e-04 1.584118002642938088e-04 3.958368713968727325e-04
1.101059293066206058e-04 1.589128997617648357e-04 3.967016145752764750e-04
1.100726671176065712e-04 1.594131488280353041e-04 3.975668570141393642e-04
1.100397014972304295e-04 1.599123526414506641e-04 3.984327142706209444e-04
1.100071466961311732e-04 1.604104374566013970e-04 3.992992312433251475e-04
1.099749993319563800e-04 1.609075748901223329e-04 4.001663073019210825e-04
1.099433087299347251e-04 1.614037478404944318e-04 4.010339524363460122e-04
1.099121447650309639e-04 1.618989018780820634e-04 4.019021985144711259e-04
1.098818037948658588e-04 1.623926448307064360e-04 4.027712769074226744e-04
1.098521481658923610e-04 1.628853210152742144e-04 4.036409841458872116e-04
1.098232243355764777e-04 1.633769166643313437e-04 4.045113272316761942e-04
1.097950828759095194e-04 1.638674099817056704e-04 4.053823176553583187e-04
1.097680440530276748e-04 1.643564451675825621e-04 4.062541624840817350e-04
1.097420738677365605e-04 1.648441543678061719e-04 4.071267822263525439e-04
1.097171131035390332e-04 1.653306614146729406e-04 4.080001022099650435e-04
1.096932101136795153e-04 1.658159469299970716e-04 4.088741311295905189e-04
1.096705685304129725e-04 1.662998254673293255e-04 4.097489733058115244e-04
1.096494787789069217e-04 1.667820485680927205e-04 4.106247677905900621e-04
1.096296784859296744e-04 1.672629434251019008e-04 4.115013224120040933e-04
1.096112115828890856e-04 1.677424944698817279e-04 4.123786420140531685e-04
1.095941287362110170e-04 1.682206784758842383e-04 4.132567354849293363e-04
1.095790697855766931e-04 1.686969257840264245e-04 4.141359178002608585e-04
1.095656269118243722e-04 1.691716717090289718e-04 4.150159379614222054e-04
1.095537939812412271e-04 1.696449471805773696e-04 4.158967729060829028e-04
1.095436205842609457e-04 1.701167291806716768e-04 4.167784293761954331e-04
1.095355573760285246e-04 1.705866490857062409e-04 4.176611015033620828e-04
1.095296641093617426e-04 1.710546971638218631e-04 4.185447847488039941e-04
1.095256618047027745e-04 1.715211402655655469e-04 4.194293268198045349e-04
1.095235938194919119e-04 1.719859598400974999e-04 4.203147297460730052e-04
1.095236397127272908e-04 1.724490258414124806e-04 4.212010534483980051e-04
1.095264587147200930e-04 1.729098250215111311e-04 4.220885532384528131e-04
1.095313072217666953e-04 1.733689648956927485e-04 4.229769039102366287e-04
1.095381269978885718e-04 1.738264881297991397e-04 4.238660753421591171e-04
1.095468728904294367e-04 1.742824263660849849e-04 4.247560437095319625e-04
1.095580634172090625e-04 1.747363437334455854e-04 4.256470170923339763e-04
1.095712138128104591e-04 1.751886329260428246e-04 4.265387913967527787e-04
1.095860937626897416e-04 1.756394796486520987e-04 4.274312686835053839e-04
1.096026543348083268e-04 1.760889197217857896e-04 4.283244255909493103e-04
1.096211019460383078e-04 1.765367736291600877e-04 4.292183419335386489e-04
1.096414870427340539e-04 1.769829900437103242e-04 4.301130347390037540e-04
1.096633612218846624e-04 1.774279417092723774e-04 4.310083220962195732e-04
1.096866708455788416e-04 1.778716693860960506e-04 4.319041805289445396e-04
1.097113852118895610e-04 1.783141944225992231e-04 4.328005960110171274e-04
1.097379417185210989e-04 1.787551322133911738e-04 4.336977406395080888e-04
1.097657459733915553e-04 1.791949876537126177e-04 4.345953786823249405e-04
1.097947413353318394e-04 1.796338050046701617e-04 4.354934869978377941e-04
1.098248830937164906e-04 1.800716184427413990e-04 4.363920474112947985e-04
1.098564042205707253e-04 1.805082152950518199e-04 4.372911522616180525e-04
1.098890746842552581e-04 1.809437893454875516e-04 4.381907120626160959e-04
1.099226962312152946e-04 1.813785107450380566e-04 4.390906492052221860e-04
1.099572213129047067e-04 1.818124168116317589e-04 4.399909455517004350e-04
1.099927067210952462e-04 1.822454489023470038e-04 4.408916252710804676e-04
1.100291882461747515e-04 1.826775623353798529e-04 4.417927063100023349e-04
1.100663808887444671e-04 1.831090110651208093e-04 4.426940767556872963e-04
1.101042354737848139e-04 1.835398344860622068e-04 4.435957186979663444e-04
1.101427080433558966e-04 1.839700673257242756e-04 4.444976164465768050e-04
1.101819436590341681e-04 1.843995538472791224e-04 4.453998369677400915e-04
1.102216567311365412e-04 1.848285593541142960e-04 4.463022654341876339e-04
1.102617915101164757e-04 1.852571302854653099e-04 4.472048817137847573e-04
1.103023041954213771e-04 1.856853015746072683e-04 4.481076707604423042e-04
1.103432140796241692e-04 1.861130318338187690e-04 4.490106509367527542e-04
1.103844005353277294e-04 1.865404278335201977e-04 4.499137768034621853e-04
1.104257702484500104e-04 1.869675794894843257e-04 4.508170098894109627e-04
1.104672787921267928e-04 1.873945227013794010e-04 4.517203351537453244e-04
1.105088839399837291e-04 1.878212789719242725e-04 4.526237443058945664e-04
1.105505023504052553e-04 1.882478986353314330e-04 4.535272173659529379e-04
1.105920650310290924e-04 1.886744652015204563e-04 4.544307180621646580e-04
1.106335282343650045e-04 1.891010143570574309e-04 4.553342315487631832e-04
1.106748487792709798e-04 1.895275807241105534e-04 4.562377434450008359e-04
1.107158624926557049e-04 1.899542559282994586e-04 4.571412179289859393e-04
1.107565785917870250e-04 1.903810706351149096e-04 4.580446399804478756e-04
1.107969573690229399e-04 1.908080584214997817e-04 4.589479953820488345e-04
1.108369557948905474e-04 1.912352537006257417e-04 4.598512696014612176e-04
1.108763870050783205e-04 1.916627791629099957e-04 4.607544125300919689e-04
1.109152196184378877e-04 1.920906717079264080e-04 4.616574075398120931e-04
1.109534760440602570e-04 1.925189276362587168e-04 4.625602548668263092e-04
1.109911146308856027e-04 1.929475803033715527e-04 4.634629398707142307e-04
1.110279866919884959e-04 1.933767344691650521e-04 4.643654182001164671e-04
1.110638994533022343e-04 1.938065296263569387e-04 4.652676301307189823e-04
1.110989959264873695e-04 1.942368781198001559e-04 4.661696103916354583e-04
1.111332370910761229e-04 1.946678111261027652e-04 4.670713444231873457e-04
1.111665729824374020e-04 1.950993671898722411e-04 4.679728143651027891e-04
1.111985293754019820e-04 1.955318830605403627e-04 4.688738741571983094e-04
1.112294280255190555e-04 1.959651413671995338e-04 4.697746141183543195e-04
1.112592338114748333e-04 1.963991699883513178e-04 4.706750199893502788e-04
1.112879036997398168e-04 1.968340021373807735e-04 4.715750749864550985e-04
1.113150157005728412e-04 1.972699420307487341e-04 4.724746422540165337e-04
1.113406813792395720e-04 1.977069155709781033e-04 4.733737503286560011e-04
1.113650133451201361e-04 1.981448449534651927e-04 4.742724303346767221e-04
1.113879718005820183e-04 1.985837604635592633e-04 4.751706652828882604e-04
1.114092677884138971e-04 1.990238722147154055e-04 4.760683556724780788e-04
1.114286633090179188e-04 1.994653553469110372e-04 4.769654155019169284e-04
1.114464829409965907e-04 1.999079776574880967e-04 4.778619465215690199e-04
1.114626916129996020e-04 2.003517652535786108e-04 4.787579318797845034e-04
1.114771930860730941e-04 2.007967884146072749e-04 4.796533334635150712e-04
1.114892817456338789e-04 2.012435601633809693e-04 4.805478996556056606e-04
1.114995515198918602e-04 2.016916512580165812e-04 4.814418285081938954e-04
1.115079734495740021e-04 2.021410824776591168e-04 4.823351036815810844e-04
1.115145048808202871e-04 2.025918843161435452e-04 4.832277037727858437e-04
1.115184458673639564e-04 2.030445643603546893e-04 4.841193679573810131e-04
