# first line: diameter, stdev on diameter, fiber length; other lines: x, y, z coordinates
2.099999999999999884e-05 3.991410452588778243e-07 7.539050327921085733e-04
-3.106904372009206439e-05 -4.390990443817031517e-05 2.634995039745534340e-07
-3.083738616356437173e-05 -4.406115067503100900e-05 1.224467416892490931e-06
-3.060658264020210109e-05 -4.421377961266234190e-05 2.185422041363046033e-06
-3.037743830590871244e-05 -4.436924347920363115e-05 3.146318779963675621e-06
-3.015062891764659994e-05 -4.452898734485584198e-05 4.107066722912290288e-06
-2.992673748780617997e-05 -4.469439820284519174e-05 5.067539110141386707e-06
-2.970619075891817271e-05 -4.486672540784752652e-05 6.027568177460838200e-06
-2.948948941520144532e-05 -4.504710994309999773e-05 6.986991467143035747e-06
-2.928592053556925771e-05 -4.524440088092809213e-05 7.945938184739402207e-06
-2.903879751746796104e-05 -4.536194221828465114e-05 8.907140080220482189e-06
-2.882441048534490708e-05 -4.554753073399470564e-05 9.865514452368469647e-06
-2.861649608654154452e-05 -4.574613438890299941e-05 1.082328668660357575e-05
-2.840984125110969258e-05 -4.594724988476234955e-05 1.178080714733234155e-05
-2.820455677256861790e-05 -4.615135894751406538e-05 1.273798872257697959e-05
-2.800068942269310103e-05 -4.635881370437791100e-05 1.369475367936400304e-05
-2.779819830188334754e-05 -4.656970566374122727e-05 1.465105931050731704e-05
-2.759711983535303621e-05 -4.678427706901140193e-05 1.560684426490108537e-05
-2.739096456922367822e-05 -4.697973919475443682e-05 1.656561331999707211e-05
-2.719003590600020768e-05 -4.719311548687626082e-05 1.752166568821543133e-05
-2.698980255321538753e-05 -4.740849407665133391e-05 1.847744735423506937e-05
-2.678939695996378478e-05 -4.762310491293009706e-05 1.943336561555466559e-05
-2.658871456798720257e-05 -4.783692962213886455e-05 2.038940196268188704e-05
-2.638764841864117480e-05 -4.804990635847904634e-05 2.134554694159366585e-05
-2.618611607238078510e-05 -4.826181297049261950e-05 2.230183149752509170e-05
-2.598405587921466748e-05 -4.847258900083668284e-05 2.325825451061046267e-05
-2.578139923011574551e-05 -4.868230996951466126e-05 2.421478325954342856e-05
-2.557809749174591951e-05 -4.889095884048557408e-05 2.517140956540507568e-05
-2.537414347469241452e-05 -4.909841246086656444e-05 2.612815695063959616e-05
-2.516846541809279861e-05 -4.930397634805765101e-05 2.708494285640831827e-05
-2.496283321488932243e-05 -4.950867722413438386e-05 2.804192398578970666e-05
-2.475652580212312244e-05 -4.971220495915347107e-05 2.899900992262092331e-05
-2.454465450352615193e-05 -4.990557576050692266e-05 2.995697712135131537e-05
-2.433567957326080326e-05 -5.010367667963276921e-05 3.091461955741703002e-05
-2.412625057170089614e-05 -5.030058183691976572e-05 3.187241244980657667e-05
-2.391593253748703016e-05 -5.049533859340924792e-05 3.283044980936420353e-05
-2.370492451866564935e-05 -5.068807081765076144e-05 3.378874487997224688e-05
-2.349357575083233879e-05 -5.087858404949214251e-05 3.474740846516654116e-05
-2.328208228682248227e-05 -5.106718674678587926e-05 3.570641793828937746e-05
-2.307064567324275097e-05 -5.125418507015754379e-05 3.666575412738723450e-05
-2.285951515452707807e-05 -5.143976849117169292e-05 3.762543244701299291e-05
-2.264904212991199545e-05 -5.162388398810496224e-05 3.858553780565140978e-05
-2.243952842749007202e-05 -5.180660001225652572e-05 3.954612020428153671e-05
-2.223110492256465283e-05 -5.198833529124820030e-05 4.050712577335457802e-05
-2.202397642046764517e-05 -5.216927131351249729e-05 4.146856203402827547e-05
-2.181565611855438522e-05 -5.234722317469521458e-05 4.243029717169131965e-05
-2.161089864551620740e-05 -5.252546664996423785e-05 4.339274288010222178e-05
-2.140781457898031484e-05 -5.270297500465527106e-05 4.435567971959163830e-05
-2.120621801741511217e-05 -5.287964103617832879e-05 4.531908390342895450e-05
-2.100625088420501763e-05 -5.305554608835804503e-05 4.628296678425001566e-05
-2.080828559737150490e-05 -5.323025499321686646e-05 4.724748009480640200e-05
-2.061223536682084306e-05 -5.340417139147069653e-05 4.821252773774212935e-05
-2.041807972239545696e-05 -5.357750324125456148e-05 4.917806346597703056e-05
-2.022000598365276822e-05 -5.374513496290540896e-05 5.014380681567188677e-05
-2.001935425714772477e-05 -5.390775287313542065e-05 5.110987690048053415e-05
-1.982745413368181648e-05 -5.407548924563854924e-05 5.207684351569725340e-05
-1.963669094862355871e-05 -5.424197960904209595e-05 5.304425752465842005e-05
-1.944595442901626261e-05 -5.440629134813021255e-05 5.401204921024848997e-05
-1.925533229272411993e-05 -5.456838025180826135e-05 5.498023817700095454e-05
-1.906506974614019661e-05 -5.472789282195963332e-05 5.594892552425760265e-05
-1.887502911117470812e-05 -5.488534358333045437e-05 5.691799384044556563e-05
-1.868526223147341133e-05 -5.504087404261703197e-05 5.788742584993686671e-05
-1.849585882861419752e-05 -5.519457062296837169e-05 5.885722137058098727e-05
-1.830711748849418648e-05 -5.534606491067887762e-05 5.982749226405388240e-05
-1.811900520673359079e-05 -5.549574489891771832e-05 6.079816692944068485e-05
-1.793155367389892934e-05 -5.564386924853566150e-05 6.176920802377955551e-05
-1.774485979366485848e-05 -5.579055182741472237e-05 6.274061387985356564e-05
-1.755912944114833719e-05 -5.593564245494835703e-05 6.371244337452725351e-05
-1.737449785645754698e-05 -5.607913337957855726e-05 6.468471963645130648e-05
-1.719092143763783674e-05 -5.622142574165609754e-05 6.565737184803500069e-05
-1.700846519550952159e-05 -5.636264191372393750e-05 6.663039160867520634e-05
-1.682721591695041940e-05 -5.650281911845070939e-05 6.760378709740207624e-05
-1.664743047462972946e-05 -5.664152592227124318e-05 6.857766446630056238e-05
-1.646896515299706281e-05 -5.677927769496945640e-05 6.955192024139626727e-05
-1.629182586537771628e-05 -5.691618053635732967e-05 7.052653761237541626e-05
-1.611603159418565140e-05 -5.705225913502391997e-05 7.150151388058897939e-05
-1.594172873249335076e-05 -5.718714861019820315e-05 7.247692299243218769e-05
-1.576884035148238278e-05 -5.732100131330269965e-05 7.345272663209249583e-05
-1.559725972649127695e-05 -5.745400375987345080e-05 7.442887733075847015e-05
-1.542693520233012183e-05 -5.758614902854611637e-05 7.540536437076897705e-05
-1.525786748485202478e-05 -5.771723440783113439e-05 7.638221258685420900e-05
-1.509006910137219664e-05 -5.784696328466728459e-05 7.735946063374657573e-05
-1.492332496017095055e-05 -5.797562886326318031e-05 7.833702973039885324e-05
-1.475752359288244123e-05 -5.810320707665496599e-05 7.931490164837708828e-05
-1.459256315331569120e-05 -5.822961635494228481e-05 8.029306754935581006e-05
-1.442849750360459004e-05 -5.835428527234605997e-05 8.127160712241869242e-05
-1.426508118135380422e-05 -5.847749564777269860e-05 8.225044013275822213e-05
-1.410216065127029832e-05 -5.859926252986681600e-05 8.322953639319026660e-05
-1.393961757687270962e-05 -5.871949873505927128e-05 8.420888451640294245e-05
-1.377742269384997094e-05 -5.883784395450569917e-05 8.518852058857630076e-05
-1.361546871092754567e-05 -5.895418462583335766e-05 8.616843657382978680e-05
-1.345356592247436903e-05 -5.906870266978485670e-05 8.714857573622410321e-05
-1.329160836707473827e-05 -5.918135591765691367e-05 8.812892192111630545e-05
-1.312952747727317985e-05 -5.929202204279030981e-05 8.910947400537659255e-05
-1.296736957935095159e-05 -5.940022705209843662e-05 9.009028787898185585e-05
-1.280494648212245540e-05 -5.950634541615173177e-05 9.107128594701137218e-05
-1.264219413067636464e-05 -5.961040422642429243e-05 9.205245005185452682e-05
-1.247908138157336401e-05 -5.971238460494311516e-05 9.303377252140921684e-05
-1.232186068375699454e-05 -5.981739426213773499e-05 9.401573424475595173e-05
-1.215992599381214449e-05 -5.991624580218984783e-05 9.499756743122991787e-05
-1.199763448069007758e-05 -6.001304037639117113e-05 9.597955117196174668e-05
-1.183570344987380019e-05 -6.010844763050429939e-05 9.696173017324240771e-05
-1.167416438101494445e-05 -6.020231654256537720e-05 9.794412189600715940e-05
-1.151305925585209147e-05 -6.029443363303928227e-05 9.892675063767576368e-05
-1.135229616754041030e-05 -6.038513424979202726e-05 9.990956721656171942e-05
-1.119185709858039922e-05 -6.047446646928760530e-05 1.008925620595731414e-04
-1.103173536827785916e-05 -6.056243380203123026e-05 1.018757317209344638e-04
-1.087202225191576774e-05 -6.064858857354261842e-05 1.028591282371303997e-04
-1.071262774946456402e-05 -6.073328405838990414e-05 1.038427032771791544e-04
-1.055352204465284786e-05 -6.081662423704639402e-05 1.048264408432682780e-04
-1.039469703087982011e-05 -6.089861891000116232e-05 1.058103368233717298e-04
-1.023619398214550662e-05 -6.097902443732250666e-05 1.067944158149036760e-04
-1.007800554583175587e-05 -6.105781741688989426e-05 1.077786758493974942e-04
-9.920074037076428473e-06 -6.113524993033807970e-05 1.087630851451947163e-04
-9.762386455309845083e-06 -6.121135665200913491e-05 1.097476369275331674e-04
-9.604944492261224294e-06 -6.128609180658634947e-05 1.107323330682280504e-04
-9.447803894897584224e-06 -6.135906684129257150e-05 1.117172092743121820e-04
-9.290886953878482282e-06 -6.143067732857411414e-05 1.127022213738772434e-04
-9.134177087974620817e-06 -6.150098204063398342e-05 1.136873604966795025e-04
-8.977667547685933789e-06 -6.156998473571267006e-05 1.146726235169289679e-04
-8.821398027516869333e-06 -6.163735164485027534e-05 1.156580377700837554e-04
-8.665333076930978133e-06 -6.170324463081280116e-05 1.166435841326478925e-04
-8.509440882442732335e-06 -6.176783439576205819e-05 1.176292441241073850e-04
-8.353712094464768874e-06 -6.183114249556982580e-05 1.186150130945836604e-04
-8.198156489718697027e-06 -6.189302536515059797e-05 1.196008998802344358e-04
-8.042783536909667527e-06 -6.195329401796703130e-05 1.205869154306993436e-04
-7.887548738958688677e-06 -6.201225691311582403e-05 1.215730317391952933e-04
-7.732440399883670065e-06 -6.206995873479597119e-05 1.225592425399368683e-04
-7.577451765795838405e-06 -6.212640336834949920e-05 1.235455449116291352e-04
-7.422609010331966777e-06 -6.218116682774816923e-05 1.245319648951318837e-04
-7.267870811575496638e-06 -6.223459630970581101e-05 1.255184745077399851e-04
-7.113222504400824708e-06 -6.228678105904912252e-05 1.265050648481373403e-04
-6.958656957512136027e-06 -6.233772947328803185e-05 1.274917327753870028e-04
-6.804179647497704253e-06 -6.238719908276074515e-05 1.284784897322165977e-04
-6.649776791716060092e-06 -6.243520248526766945e-05 1.294653307627089377e-04
-6.495428072541953567e-06 -6.248196016283704226e-05 1.304522401025325594e-04
-6.341125192842119369e-06 -6.252750254272407499e-05 1.314392134388290157e-04
-6.186862968918704991e-06 -6.257176123187901267e-05 1.324262515177104631e-04
-6.032636289906435670e-06 -6.261442816475765725e-05 1.334133651896959524e-04
-5.878426770043993018e-06 -6.265584947818998187e-05 1.344005346568012682e-04
-5.724226213944801176e-06 -6.269607669348828166e-05 1.353877549050972514e-04
-5.570027913516585027e-06 -6.273511382637471899e-05 1.363750232811619320e-04
-5.415818959744534068e-06 -6.277261685065440590e-05 1.373623494054351715e-04
-5.261588472868942569e-06 -6.280880489504000834e-05 1.383497212805256081e-04
-5.107330049973172511e-06 -6.284380841889277639e-05 1.393371315074874196e-04
-4.953037097062685571e-06 -6.287764323046085319e-05 1.403245770782127373e-04
-4.798694061355677452e-06 -6.291012972348719351e-05 1.413120600750627544e-04
-4.644283573879792970e-06 -6.294118446350018545e-05 1.422995785808288914e-04
-4.489807319831238916e-06 -6.297105629664195348e-05 1.432871233287811869e-04
-4.335259839097049146e-06 -6.299978090465047098e-05 1.442746909683014639e-04
-4.180632326495251689e-06 -6.302733531264588615e-05 1.452622794201946163e-04
-4.025883250287055104e-06 -6.305334812725261876e-05 1.462498905816661272e-04
-3.871029496042312822e-06 -6.307818072750499122e-05 1.472375157786655862e-04
-3.716067925319912796e-06 -6.310188768897026772e-05 1.482251517264440016e-04
-3.560991928943121025e-06 -6.312447310441821828e-05 1.492127959988878098e-04
-3.405757943250318645e-06 -6.314564226988578699e-05 1.502004467797274367e-04
-3.250369089591888239e-06 -6.316554370323222603e-05 1.511880995941179088e-04
-3.094834245001654705e-06 -6.318432594985534656e-05 1.521757513631971908e-04
-2.939148548299539098e-06 -6.320200833458140658e-05 1.531633996687436269e-04
-2.783281401071170963e-06 -6.321844272960379526e-05 1.541510408896449094e-04
-2.627199943098239224e-06 -6.323350857029543730e-05 1.551386700739765343e-04
-2.470933081300276956e-06 -6.324745934920828741e-05 1.561262863581745070e-04
-2.314479085133579927e-06 -6.326033201396804998e-05 1.571138876559467507e-04
-2.157828817426715019e-06 -6.327211711610983313e-05 1.581014714164539516e-04
-2.000897429030294631e-06 -6.328243982865966672e-05 1.590890268566712458e-04
-1.843740306917913421e-06 -6.329165264766955146e-05 1.600765574370688251e-04
-1.686360054432960896e-06 -6.329980911963758766e-05 1.610640617727282509e-04
-1.528751821943403819e-06 -6.330691298313346409e-05 1.620515378815935107e-04
-1.370855137586179274e-06 -6.331268350587979034e-05 1.630389765603736975e-04
-1.212719466031203150e-06 -6.331725082237239712e-05 1.640263833182326828e-04
-1.054388957962622963e-06 -6.332075262154348032e-05 1.650137632222660813e-04
-8.958796661715234358e-07 -6.332320301079056820e-05 1.660011176103303680e-04
-7.371836676164222470e-07 -6.332444351357581925e-05 1.669884442474000100e-04
-5.783113151324288374e-07 -6.332436340301638420e-05 1.679757432856119909e-04
-4.193130663052280763e-07 -6.332319741129871006e-05 1.689630214054501679e-04
-2.602063880955140809e-07 -6.332097571265143173e-05 1.699502802457416358e-04
-1.010018176720417815e-07 -6.331766498454850919e-05 1.709375202494046661e-04
5.830202218392808452e-08 -6.331291704882148973e-05 1.719247383237235052e-04
2.176610628215294661e-07 -6.330706270400416160e-05 1.729119416014905566e-04
3.770584840236809990e-07 -6.330014801933694761e-05 1.738991318253203366e-04
5.364816203398049458e-07 -6.329217223508802495e-05 1.748863098939418530e-04
6.959124369114787987e-07 -6.328281502136515690e-05 1.758734745497486738e-04
8.553262566612973039e-07 -6.327226192089115803e-05 1.768606299232422952e-04
1.014708683339118586e-06 -6.326063205094141148e-05 1.778477782788409709e-04
1.174047060470011525e-06 -6.324793602958560029e-05 1.788349206090606661e-04
1.285774000715261047e-06 -6.323608036283804993e-05 1.798284436312388816e-04
1.436307732370041808e-06 -6.322118888373788430e-05 1.808168088371694265e-04
1.586761430724706409e-06 -6.320519732254311360e-05 1.818052945324513236e-04
1.731088299005157420e-06 -6.318839801305023071e-05 1.827946800893483475e-04
1.869553536687676057e-06 -6.317069939415032118e-05 1.837848875011502490e-04
2.002503441728303895e-06 -6.315180781686883669e-05 1.847758286557703907e-04
2.130479669260887015e-06 -6.313200831761367883e-05 1.857674070301963166e-04
2.254093557638418442e-06 -6.311131342003848408e-05 1.867595206821435518e-04
2.374038845456087684e-06 -6.308969088654140932e-05 1.877520650396685437e-04
2.490997014117874719e-06 -6.306672508910398886e-05 1.887449358244264359e-04
2.605839158165375622e-06 -6.304266843202099391e-05 1.897380280075475125e-04
2.719442352589479940e-06 -6.301756403902758453e-05 1.907312368813166188e-04
2.832689495075641005e-06 -6.299137625147049804e-05 1.917244584951221815e-04
2.946390439047297909e-06 -6.296380365423052516e-05 1.927175907357966695e-04
3.061415892972642931e-06 -6.293486787852074912e-05 1.937105315871891307e-04
3.178643874770715342e-06 -6.290471006371587998e-05 1.947031783185925943e-04
3.298858388992656668e-06 -6.287331223823276597e-05 1.956954291552654313e-04
3.422722066552499755e-06 -6.284050350323510553e-05 1.966871851999162438e-04
3.550789880789339927e-06 -6.280608157290791472e-05 1.976783522108591790e-04
3.683679740801304363e-06 -6.277030374557869433e-05 1.986688359966555170e-04
3.821820835470894273e-06 -6.273318058036924500e-05 1.996585513484386027e-04
3.965510095961416559e-06 -6.269468556078573208e-05 2.006474238644188023e-04
4.047120152884295635e-06 -6.267028165835055440e-05 2.016435904863196106e-04
4.191375527438610669e-06 -6.263110204846598136e-05 2.026320985960648052e-04
4.339929410151968201e-06 -6.259088074925484111e-05 2.036201842456541664e-04
4.485669039756833381e-06 -6.255125020901038926e-05 2.046087127844443184e-04
4.628545621109758557e-06 -6.251179870700987104e-05 2.055976663440210479e-04
4.768780206464875785e-06 -6.247258428995873601e-05 2.065870074769765499e-04
4.906625398721568494e-06 -6.243359282771694652e-05 2.075766932140303469e-04
5.042315166010785427e-06 -6.239466066826426327e-05 2.085666791494975806e-04
5.176004553810559681e-06 -6.235539266907110900e-05 2.095569239597204307e-04
5.307932320113382099e-06 -6.231550438100789567e-05 2.105473802459501258e-04
5.438523048979218649e-06 -6.227499474253130041e-05 2.115379885572208143e-04
5.568111328658788036e-06 -6.223364857391829790e-05 2.125286939624825532e-04
5.696984253344336038e-06 -6.219114906713657910e-05 2.135194438620407770e-04
5.825279612519323626e-06 -6.214694135367048074e-05 2.145101938830443894e-04
5.953500124403603437e-06 -6.210109898499273579e-05 2.155008793471107319e-04
6.081982949998880802e-06 -6.205343444315919227e-05 2.164914447688073666e-04
6.211017403478096777e-06 -6.200372353792003020e-05 2.174818378191201249e-04
6.340623645770107978e-06 -6.195139414984933196e-05 2.184720211123765410e-04
6.471185284170266710e-06 -6.189650865261145005e-05 2.194619404733300777e-04
6.602968294277424152e-06 -6.183901560850468446e-05 2.204515498683678326e-04
6.729044343905488272e-06 -6.178126951646614848e-05 2.214418853624959462e-04
6.861734696538548162e-06 -6.171861830406159041e-05 2.224310537434460392e-04
6.993629046884930006e-06 -6.165373816256694702e-05 2.234201914418289681e-04
7.175255815606458712e-06 -6.158378676381175674e-05 2.244008422783432422e-04
7.325538875987538016e-06 -6.151261247704431826e-05 2.253867752984694672e-04
7.473937714980604896e-06 -6.143904145685604747e-05 2.263729596130290879e-04
7.627903390525566229e-06 -6.136255158343696518e-05 2.273580681396245723e-04
7.787281788785922453e-06 -6.128348042788343223e-05 2.283421116687001963e-04
7.951627792307853533e-06 -6.120196465757467156e-05 2.293251384684262366e-04
8.120340207393947238e-06 -6.111810931481968128e-05 2.303072287519378723e-04
8.292375312644260696e-06 -6.103164028697639188e-05 2.312885160778213860e-04
8.467176856010578506e-06 -6.094300785550934988e-05 2.322691216090650573e-04
8.643943696305646389e-06 -6.085247019402954431e-05 2.332492009547194878e-04
8.821740240862900446e-06 -6.076021405463929656e-05 2.342289339416648436e-04
8.999341691831019897e-06 -6.066616880159185677e-05 2.352085322218642246e-04
9.175764395340902814e-06 -6.057059110106425225e-05 2.361881951454562409e-04
9.350136741402902905e-06 -6.047387615848638811e-05 2.371681133901744776e-04
9.521458386939206064e-06 -6.037626747637112929e-05 2.381484806980372401e-04
9.688610614828032771e-06 -6.027785552490090104e-05 2.391294867040828862e-04
9.850428016071768829e-06 -6.017864210919967222e-05 2.401113054045704402e-04
1.000627421598594929e-05 -6.007910953847650021e-05 2.410940569809551844e-04
1.015538381484263361e-05 -5.997950013060446815e-05 2.420778448032508395e-04
1.029704183348987671e-05 -5.987998806421072489e-05 2.430627424306907626e-04
1.043022069828408216e-05 -5.978030977522476574e-05 2.440488045641912764e-04
1.055476856435238607e-05 -5.968092070291996219e-05 2.450360231688326462e-04
1.073772926235415567e-05 -5.956620056691310617e-05 2.460121051007159877e-04
1.086624154576187106e-05 -5.946265917381468130e-05 2.469980352147844397e-04
1.098360010905859482e-05 -5.935982026493736587e-05 2.479857855075390510e-04
1.109971989677487587e-05 -5.925544056024062000e-05 2.489735206006721529e-04
1.121451598969632485e-05 -5.914980309490320003e-05 2.499612767448730448e-04
1.132773525081966674e-05 -5.904302936296109517e-05 2.509490926772112683e-04
1.143897811601006096e-05 -5.893509833684007878e-05 2.519370072884151348e-04
1.154770823957127155e-05 -5.882585564634032065e-05 2.529250572923054299e-04
1.165402471301562427e-05 -5.871567690099649335e-05 2.539132661279165041e-04
1.175778407260894568e-05 -5.860468047808672383e-05 2.549016551925274883e-04
1.185882138841654110e-05 -5.849292095201307065e-05 2.558902402100995781e-04
1.195653257241995025e-05 -5.838003986850858683e-05 2.568790318414906036e-04
1.205898703806561696e-05 -5.826358784578015174e-05 2.578669265942061355e-04
1.215366690035175414e-05 -5.814812615335421492e-05 2.588557101081993481e-04
1.224565768125422808e-05 -5.803186584975774390e-05 2.598446594424576317e-04
1.233569628724254882e-05 -5.791420520423857198e-05 2.608336227065293812e-04
1.242369983520490795e-05 -5.779513656671766292e-05 2.618226006357235458e-04
1.250989479697734943e-05 -5.767488990872237943e-05 2.628115954125824667e-04
1.259428221306638919e-05 -5.755350637837977536e-05 2.638006071864875193e-04
1.267674659891807355e-05 -5.743093048895271788e-05 2.647896340783942575e-04
1.275680919898375942e-05 -5.730682868656975334e-05 2.657786678298150376e-04
1.283488401297809748e-05 -5.718154475779537165e-05 2.667677116648386072e-04
1.291322601557369829e-05 -5.705419538757946064e-05 2.677564705198740014e-04
1.298810958326116306e-05 -5.692636625683907648e-05 2.687454347840450598e-04
1.306053806448699540e-05 -5.679708008938090611e-05 2.697343929994283455e-04
1.313102878879533087e-05 -5.666637944015711281e-05 2.707233054238893620e-04
1.319976549208617035e-05 -5.653441008160894042e-05 2.717121728788090499e-04
1.326675620606366589e-05 -5.640118724694064044e-05 2.727009920754964751e-04
1.333175853569052416e-05 -5.626654938523091792e-05 2.736897522357996122e-04
1.339451833055424631e-05 -5.613033380294894526e-05 2.746784410947869862e-04
1.345540720077726012e-05 -5.599281485202406715e-05 2.756670666758322293e-04
1.351447154304868889e-05 -5.585403454614199301e-05 2.766556266788563773e-04
1.357169658886302908e-05 -5.571399146864727429e-05 2.776441167766715169e-04
1.362642347840395798e-05 -5.557225230446250164e-05 2.786325063144398217e-04
1.367915357714746493e-05 -5.542917813181440088e-05 2.796208123042023732e-04
1.373002376342407356e-05 -5.528487971102548940e-05 2.806090378050759334e-04
1.377905243881967757e-05 -5.513938676244998306e-05 2.815971812429490014e-04
1.382590894890687826e-05 -5.499251318484192988e-05 2.825852256986094522e-04
1.387060909086258994e-05 -5.484430352388124585e-05 2.835731705765765897e-04
1.391348278217749859e-05 -5.469498710629531151e-05 2.845610298635391743e-04
1.395458896531197311e-05 -5.454461916892728890e-05 2.855488047840523853e-04
1.399387213289473286e-05 -5.439318719250651693e-05 2.865364913168025589e-04
1.403086207140516799e-05 -5.424045718469198935e-05 2.875240663606690693e-04
1.406606362018565147e-05 -5.408674453887364549e-05 2.885115545133087270e-04
1.409957300531799214e-05 -5.393212375193807051e-05 2.894989597605154320e-04
1.413140420328271252e-05 -5.377662143539466079e-05 2.904862821008868771e-04
1.416116709373434199e-05 -5.362006748693194815e-05 2.914735026417561176e-04
1.418905270360080754e-05 -5.346259472055718152e-05 2.924606319402265221e-04
1.421529528726257474e-05 -5.330434348864145712e-05 2.934476818468735159e-04
1.423993625875348901e-05 -5.314535420036280638e-05 2.944346544311443603e-04
1.426284158359991428e-05 -5.298559084211881007e-05 2.954215437880102022e-04
1.428375086174202192e-05 -5.282497973945186095e-05 2.964083397811118417e-04
1.430306000381228784e-05 -5.266372002550720119e-05 2.973950627183417992e-04
1.432084483886955596e-05 -5.250186558633713509e-05 2.983817169342861501e-04
1.433711974520018551e-05 -5.233944300178384459e-05 2.993683038495895295e-04
1.435145759453419473e-05 -5.217633434629666435e-05 3.003548075190668777e-04
1.436418174106888007e-05 -5.201269154143473521e-05 3.013412449618321776e-04
1.437544688958477946e-05 -5.184859266239205862e-05 3.023276244012750632e-04
1.438528005680729420e-05 -5.168406862526186063e-05 3.033139483346292912e-04
1.439348749029825519e-05 -5.151909441365691832e-05 3.043002118990536121e-04
1.439998283025683136e-05 -5.135369124654016554e-05 3.052864163666064393e-04
1.440506644383874799e-05 -5.118796717653890661e-05 3.062725753144625307e-04
1.440879636342142817e-05 -5.102196055001096211e-05 3.072586927895910262e-04
1.441118714993731655e-05 -5.085569775640007642e-05 3.082447712655076756e-04
1.441179085904047187e-05 -5.068914641149755188e-05 3.092308036644713081e-04
1.441103250766756110e-05 -5.052241475145215124e-05 3.102168055861755525e-04
1.440899870088736312e-05 -5.035554265534919900e-05 3.112027819469505557e-04
1.440570429432185950e-05 -5.018855644219492792e-05 3.121887355833883899e-04
1.440091049796966035e-05 -5.002147621159275004e-05 3.131746670983171724e-04
1.439467733706374925e-05 -4.985435427131099806e-05 3.141605835135501557e-04
1.438721993660214681e-05 -4.968723198367602350e-05 3.151464914041806741e-04
1.437858055975238396e-05 -4.952013715298239188e-05 3.161323943016048233e-04
1.436870609280718072e-05 -4.935310210618400857e-05 3.171182957241937446e-04
1.435733505642577367e-05 -4.918619786506175749e-05 3.181042031280621567e-04
1.434479447941328119e-05 -4.901943880286527912e-05 3.190901209784258001e-04
1.433115056607795217e-05 -4.885284828987054341e-05 3.200760526727397352e-04
1.431641790859754194e-05 -4.868645233096801142e-05 3.210620015544711752e-04
1.430032670905599345e-05 -4.852035399627410332e-05 3.220479793367828948e-04
1.428305729207200476e-05 -4.835456665297061088e-05 3.230339895631774080e-04
1.426474925822868507e-05 -4.818909157819124025e-05 3.240200335214769942e-04
1.424543106110226391e-05 -4.802395155161116451e-05 3.250061143764036101e-04
1.422499458696788318e-05 -4.785922512010481230e-05 3.259922418474951473e-04
1.420334316948979789e-05 -4.769501271029513386e-05 3.269784291020988096e-04
1.418071125127967066e-05 -4.753126246531111159e-05 3.279646712279480399e-04
1.415714766660803525e-05 -4.736798730330596662e-05 3.289509702984767109e-04
1.413266694681060245e-05 -4.720521295172232262e-05 3.299373298082533892e-04
1.410698388798669967e-05 -4.704316964449576760e-05 3.309237790507276854e-04
1.409354532736163863e-05 -4.688045672776185082e-05 3.319103494918494539e-04
1.406878244026690656e-05 -4.671938693241991988e-05 3.328969687104916565e-04
1.404288488617388259e-05 -4.655898430076362086e-05 3.338836805192502057e-04
1.401770574401965978e-05 -4.639922470719566155e-05 3.348705152461653109e-04
1.399319867546039764e-05 -4.624015868967126455e-05 3.358574789230389830e-04
1.396940059322490372e-05 -4.608171210995601921e-05 3.368445595848263818e-04
1.394620063503546300e-05 -4.592390175038250889e-05 3.378317564078578156e-04
1.392339951479031996e-05 -4.576680784221139460e-05 3.388190767898402976e-04
1.390066340852981232e-05 -4.561065214070512426e-05 3.398065474774631094e-04
1.387799762561384404e-05 -4.545524620356480302e-05 3.407941380795995699e-04
1.385522368933780668e-05 -4.530057900845206793e-05 3.417818421556162792e-04
1.383211959434000137e-05 -4.514667570573575352e-05 3.427696578737274291e-04
1.380830335818010388e-05 -4.499379164458292300e-05 3.437576148865809783e-04
1.378366248072665867e-05 -4.484182007915929761e-05 3.447456924661437046e-04
1.375803798318436483e-05 -4.469070030766547576e-05 3.457338756508877148e-04
1.373122185774573110e-05 -4.454044801244911694e-05 3.467221594627854699e-04
1.370712255841558094e-05 -4.439050121911967549e-05 3.477105591661400295e-04
1.367821654890968381e-05 -4.424219306518540815e-05 3.486990756197396943e-04
1.364785321347930950e-05 -4.409479980973425865e-05 3.496876873520507120e-04
1.361653897139232703e-05 -4.394820717260457211e-05 3.506763884391632825e-04
1.358409477025978286e-05 -4.380245265745591634e-05 3.516651769749539261e-04
1.355026520325032171e-05 -4.365784013971028187e-05 3.526540866776663348e-04
1.354686032240599444e-05 -4.350639645821831889e-05 3.536424744206988387e-04
1.351652289051078111e-05 -4.336203429912835266e-05 3.546314569829133161e-04
1.348382606849717836e-05 -4.321876328189137130e-05 3.556205998576642598e-04
1.345342444213555000e-05 -4.307564450150358829e-05 3.566098380414278388e-04
1.342508680796674550e-05 -4.293267852895704201e-05 3.575991596512523990e-04
1.339852817171946252e-05 -4.278983993592484178e-05 3.585885490778306910e-04
1.337340388804906381e-05 -4.264721575498579717e-05 3.595780069564776492e-04
1.334933875610742814e-05 -4.250501025720229421e-05 3.605675514627673835e-04
1.332596040822461147e-05 -4.236347686017427334e-05 3.615572088018518745e-04
1.330239891033119705e-05 -4.222460403478633516e-05 3.625472381998400169e-04
1.327916204542028093e-05 -4.208476027574152464e-05 3.635371389457409119e-04
1.325718675963394045e-05 -4.194515601031054494e-05 3.645271023270781410e-04
1.323313676850492815e-05 -4.180733793779681343e-05 3.655172672690201654e-04
1.320806237437995939e-05 -4.167081200728560181e-05 3.665075862656422268e-04
1.318192660745365519e-05 -4.153555937058374192e-05 3.674980524835567367e-04
1.315446189880660710e-05 -4.140168150054408629e-05 3.684886694565107750e-04
1.312549389993206314e-05 -4.126944926533688814e-05 3.694794645517163537e-04
1.309485049502640739e-05 -4.113892325594857894e-05 3.704704354400214106e-04
1.306235468500370103e-05 -4.101003402059634647e-05 3.714615615209469410e-04
1.302790509696792666e-05 -4.088281442819828826e-05 3.724528372981712309e-04
1.299148364236435863e-05 -4.075736555328424003e-05 3.734442682227939216e-04
1.295319329835137633e-05 -4.063389294664424087e-05 3.744358767865806244e-04
1.296897938000647811e-05 -4.048939243129585843e-05 3.754250084634564756e-04
1.292415545203959079e-05 -4.036624503564665276e-05 3.764160077750935800e-04
1.288636396456407579e-05 -4.024413935613445700e-05 3.774077848025963501e-04
1.285459870780625360e-05 -4.012093550477413974e-05 3.783996566740068044e-04
1.282684375795324661e-05 -3.999671625699073796e-05 3.793915222997622239e-04
1.280292263875247614e-05 -3.987151491617466547e-05 3.803833644026664417e-04
1.278898439856771644e-05 -3.974286970353388756e-05 3.813749501411296990e-04
1.276899185187412978e-05 -3.961650387297534123e-05 3.823667282025354670e-04
1.275542230655978217e-05 -3.948922285394255565e-05 3.833584983243473743e-04
1.274551211092161195e-05 -3.936127441188045094e-05 3.843502291462372409e-04
1.273820472426465635e-05 -3.923302605509641652e-05 3.853419439801913059e-04
1.273299824534914379e-05 -3.910483799229865041e-05 3.863336799860865242e-04
1.272956621387620497e-05 -3.897730933488888368e-05 3.873255087623744559e-04
1.272709386909751485e-05 -3.885053984928447279e-05 3.883174378219165276e-04
1.272494558250342672e-05 -3.872485557710181179e-05 3.893095057249445698e-04
1.272252238674456340e-05 -3.860061304734444573e-05 3.903017545398379615e-04
1.271951288139045378e-05 -3.847840211854148125e-05 3.912942539110132387e-04
1.271526012598761514e-05 -3.835841397639718316e-05 3.922870198268546289e-04
1.270917250329618974e-05 -3.824084137052349749e-05 3.932800650395481580e-04
1.270081772221542264e-05 -3.812593504459079190e-05 3.942734056926718370e-04
1.268999783743748589e-05 -3.801403648363967596e-05 3.952670657604996206e-04
1.267659211832119520e-05 -3.790541788087592960e-05 3.962610581113065310e-04
1.273833573336831576e-05 -3.775133815903676776e-05 3.972467813962057403e-04
1.269768557699493991e-05 -3.764918763499579577e-05 3.982398822192216060e-04
1.267986939250576281e-05 -3.754291834141440884e-05 3.992339879892985860e-04
1.267124698329177890e-05 -3.743295116237549587e-05 4.002278838262565003e-04
1.266623715394062199e-05 -3.732053480103885074e-05 4.012215316150126443e-04
1.266425793651364407e-05 -3.720602804751030752e-05 4.022149515067799646e-04
1.266490179110989480e-05 -3.708984728978456099e-05 4.032081789499262266e-04
1.266794802284180104e-05 -3.697264165859547009e-05 4.042012816342674224e-04
1.267284527167622921e-05 -3.685488453024642107e-05 4.051943118177283188e-04
1.267892081236793879e-05 -3.673701384382396600e-05 4.061873221246192073e-04
1.268564429803279934e-05 -3.661959329758573235e-05 4.071803816136010043e-04
1.269260171500878014e-05 -3.650325960104692336e-05 4.081735673582816224e-04
1.269954126206405357e-05 -3.638871948991657024e-05 4.091669615576705964e-04
1.270577326891558712e-05 -3.627632477095686869e-05 4.101606053626926079e-04
1.271089371635172133e-05 -3.616654462798490140e-05 4.111545476017830925e-04
1.271460710362357404e-05 -3.605982015027603654e-05 4.121488286438035158e-04
1.271699989852469944e-05 -3.595671347550698634e-05 4.131434951988094059e-04
1.271773752642904864e-05 -3.585738644466575635e-05 4.141385487717499231e-04
1.271887298313910847e-05 -3.576043803463933239e-05 4.151338372282190829e-04
1.270977614918957406e-05 -3.567151554385469510e-05 4.161298212285793885e-04
1.270380390895412885e-05 -3.558294348124714805e-05 4.171258712740849584e-04
1.269640658298674897e-05 -3.549987639860736552e-05 4.181223848448037492e-04
1.272667409919980302e-05 -3.538065952616533305e-05 4.191145620401624024e-04
1.266696004139204180e-05 -3.532024234370699913e-05 4.201098454447238853e-04
1.264331578608985412e-05 -3.524886361078885755e-05 4.211067431194673045e-04
1.262703423041488039e-05 -3.517435879753481344e-05 4.221038306147142233e-04
1.260925246432907914e-05 -3.510007019999665328e-05 4.231009087194627805e-04
1.259070137073025685e-05 -3.502563173670236274e-05 4.240979617337835555e-04
1.257219882283916470e-05 -3.495072206117230354e-05 4.250949803687494987e-04
1.255479320300495903e-05 -3.487514672482700456e-05 4.260919684091991552e-04
1.253920984925610358e-05 -3.479860065586027669e-05 4.270889123709983599e-04
1.252608214362769497e-05 -3.472080865961300607e-05 4.280857950350221153e-04
1.251609004322333707e-05 -3.464160275156909772e-05 4.290826024462017670e-04
1.250994222024003190e-05 -3.456092108610597503e-05 4.300793222983174697e-04
1.251072591930672167e-05 -3.447699110612188902e-05 4.310757894378069565e-04
1.249549328575340885e-05 -3.440386631499248269e-05 4.320729607107272590e-04
1.249606054293468466e-05 -3.432296280038896983e-05 4.330696456944424771e-04
1.250137682744866930e-05 -3.424088182935221947e-05 4.340662569392568591e-04
1.250914471715897338e-05 -3.415945089153419521e-05 4.350629052404077560e-04
1.251940042945006726e-05 -3.407865360770184418e-05 4.360595826414738387e-04
1.253229022994452674e-05 -3.399852175560200926e-05 4.370562831241403545e-04
1.254799396283705054e-05 -3.391910357733641688e-05 4.380530003060109558e-04
1.256682136197447031e-05 -3.384048195640119462e-05 4.390497264085808059e-04
1.258888632306671858e-05 -3.376267917577866623e-05 4.400464503233609929e-04
1.265798271127445757e-05 -3.364085949406058900e-05 4.410362698894110690e-04
1.263506969346887130e-05 -3.359417869810302437e-05 4.420336070105695091e-04
1.265507663646214004e-05 -3.352308086227873010e-05 4.430304955418274803e-04
1.268566583972589432e-05 -3.344590075166241545e-05 4.440270431955064667e-04
1.271755394702343309e-05 -3.336843035611781056e-05 4.450235276621213650e-04
1.275066306149292860e-05 -3.329068588344690237e-05 4.460199509668191526e-04
1.278495106281572589e-05 -3.321269994917845820e-05 4.470163155387183677e-04
1.282280863555666958e-05 -3.313290399941315538e-05 4.480124064535377301e-04
1.286019529450993438e-05 -3.305417006176202129e-05 4.490086005977211685e-04
1.289632524723412868e-05 -3.297693115893203514e-05 4.500049581310340899e-04
1.293528197560341356e-05 -3.289827752456029447e-05 4.510010977835934246e-04
1.297554552469433331e-05 -3.281938474672973404e-05 4.519971673928072867e-04
1.301678589028579982e-05 -3.274055129051350578e-05 4.529932017342558782e-04
1.305875172545887112e-05 -3.266183209947813831e-05 4.539892148377521006e-04
1.310134005915462838e-05 -3.258329051774256968e-05 4.549852155443033074e-04
1.314448279874161013e-05 -3.250498768241741917e-05 4.559812111917026321e-04
1.318839445342462345e-05 -3.242696230039959348e-05 4.569771949893752447e-04
1.323276843422232351e-05 -3.234926448433513360e-05 4.579731839289239315e-04
1.327750948321954260e-05 -3.227193669354168365e-05 4.589691852447230335e-04
1.332257317277518827e-05 -3.219501234117780900e-05 4.599652032556899531e-04
1.336810439103675224e-05 -3.211849027669012256e-05 4.609612309848410295e-04
1.341401953125324976e-05 -3.204238012506052034e-05 4.619572726559757411e-04
1.350797224146925423e-05 -3.193439694188397396e-05 4.629467281509456762e-04
1.352161403202216805e-05 -3.189604699799662761e-05 4.639449364200343845e-04
1.356807656742627269e-05 -3.182572643087809832e-05 4.649410914906171310e-04
1.361598626232169728e-05 -3.175510312810461764e-05 4.659374387577155247e-04
1.366701104415566984e-05 -3.168448209035743825e-05 4.669336349557961629e-04
1.371994474148832986e-05 -3.161459743375569822e-05 4.679297844389744554e-04
1.377435438791866782e-05 -3.154558005986071652e-05 4.689259148938737954e-04
1.383038772148368249e-05 -3.147719700277337821e-05 4.699219990752226059e-04
1.388773564196790883e-05 -3.140933183790026081e-05 4.709180439236330343e-04
1.394621342555535406e-05 -3.134182005636945316e-05 4.719140471212423821e-04
1.400567571111977394e-05 -3.127447190970193431e-05 4.729100031277580322e-04
1.406612026168260819e-05 -3.120702537729363795e-05 4.739058933443686915e-04
1.412737729534381062e-05 -3.113927145292942421e-05 4.749017130618957833e-04
1.418917207543914598e-05 -3.107105311059116893e-05 4.758974678590911778e-04
1.425134252675290020e-05 -3.100217384767337079e-05 4.768931537665168155e-04
1.431380411237374287e-05 -3.093240811397170241e-05 4.778887597172954641e-04
1.437658640728074489e-05 -3.086147479985570382e-05 4.788842629618013727e-04
1.443938821743646772e-05 -3.078929020857421907e-05 4.798796750261357952e-04
1.450209594372881153e-05 -3.071570351526076994e-05 4.808749903350655313e-04
1.456967471936239787e-05 -3.063693485263652188e-05 4.818695874486216522e-04
1.463070119608778994e-05 -3.056112609343049097e-05 4.828648373517818292e-04
1.469365977494192479e-05 -3.048194009791856021e-05 4.838597060051474680e-04
1.479329230497724936e-05 -3.037405160078301085e-05 4.848487536582204299e-04
1.481395306444483709e-05 -3.033601168480217598e-05 4.858472015916556665e-04
1.487171103365024428e-05 -3.025826871292127247e-05 4.868422823006682190e-04
1.493331408897709072e-05 -3.017598844532276859e-05 4.878369857531717532e-04
1.499402406280309668e-05 -3.009400506176818755e-05 4.888317686180287166e-04
1.505391644238340789e-05 -3.001227266641541327e-05 4.898266217018354754e-04
1.511315109607026397e-05 -2.993068215733998713e-05 4.908215258221412629e-04
1.517202474577393659e-05 -2.984899985826000536e-05 4.918164438514689880e-04
1.523052224731295245e-05 -2.976728282535075662e-05 4.928113812146777805e-04
1.528881192559392003e-05 -2.968543904637025501e-05 4.938063203608982453e-04
1.534709948916274143e-05 -2.960334956931784964e-05 4.948012393888410066e-04
1.540579968434576994e-05 -2.952067905642359816e-05 4.957960860226277768e-04
1.546499492682649893e-05 -2.943743193505695863e-05 4.967908552379815545e-04
1.552486712082300977e-05 -2.935352353393578249e-05 4.977855283616486413e-04
1.558564603579234737e-05 -2.926882048964696306e-05 4.987800791104708784e-04
1.564289174998649968e-05 -2.918648105896369193e-05 4.997750370188528725e-04
1.570465234646320536e-05 -2.910074075770294528e-05 5.007694366020673006e-04
1.576753054029244707e-05 -2.901410629942311142e-05 5.017636904603621842e-04
1.583134607883871425e-05 -2.892672995502925640e-05 5.027578196412597553e-04
1.589641034194311792e-05 -2.883837355897864567e-05 5.037517811962261786e-04
1.596311641047548673e-05 -2.874866903660209605e-05 5.047455130576942225e-04
1.603155774734329154e-05 -2.865764359921897680e-05 5.057390067742520076e-04
1.612359199005448883e-05 -2.854739657147355240e-05 5.067285952719470955e-04
1.614662593240310823e-05 -2.848635821512308602e-05 5.077260904531798961e-04
1.621169657509622644e-05 -2.839638040917263136e-05 5.087197285986104055e-04
1.628074675160752729e-05 -2.830304001726672189e-05 5.097129655134615550e-04
1.634906977959040616e-05 -2.820954553793078522e-05 5.107062382369461067e-04
1.641695711413122634e-05 -2.811569185402880368e-05 5.116995069672008664e-04
1.648483038823113817e-05 -2.802106411410369986e-05 5.126927031990934948e-04
1.655296746675216112e-05 -2.792548422793503986e-05 5.136857901741932741e-04
1.662157575326491787e-05 -2.782890988380328965e-05 5.146787484800238038e-04
1.669092774773858870e-05 -2.773118215790899521e-05 5.156715422302846422e-04
1.675579188077448958e-05 -2.763604704426932276e-05 5.166648896823655517e-04
1.682554646995867273e-05 -2.753669016267196206e-05 5.176574911424686350e-04
1.689621749440743158e-05 -2.743614791330383436e-05 5.186499108076126404e-04
1.696755090513357632e-05 -2.733465378095015650e-05 5.196421861571622319e-04
1.703979735620148885e-05 -2.723206268868873930e-05 5.206342825955407889e-04
1.711334293368084244e-05 -2.712793161191051587e-05 5.216261230113457617e-04
1.718826563964009836e-05 -2.702241713694655608e-05 5.226177141419217735e-04
1.726475393217343892e-05 -2.691543323249148250e-05 5.236090282163669268e-04
1.734298771286604980e-05 -2.680687683284933663e-05 5.246000350361960159e-04
1.742320542963666935e-05 -2.669645835572707776e-05 5.255906773757442960e-04
1.750546954936716074e-05 -2.658422276673029247e-05 5.265809476235471399e-04
1.758982102017422043e-05 -2.647022008967484701e-05 5.275708403426511428e-04
1.768271837851112475e-05 -2.634851918166161683e-05 5.285590438574505005e-04
1.773409327232688729e-05 -2.625777747424918842e-05 5.295534510402733711e-04
1.781596805074521801e-05 -2.614445175466412915e-05 5.305435345174089237e-04
1.789981391115276523e-05 -2.602928457228834559e-05 5.315333355649161807e-04
1.798209922161624928e-05 -2.591485435222851282e-05 5.325233530425223238e-04
1.806295412354205982e-05 -2.580103146577385022e-05 5.335135583938756254e-04
1.814257491495729546e-05 -2.568753052330882312e-05 5.345039007263704175e-04
1.822107846565502502e-05 -2.557440845921261265e-05 5.354943756007040419e-04
1.829866699987901105e-05 -2.546152459723138341e-05 5.364849497687489404e-04
1.837557167212470403e-05 -2.534869983157927905e-05 5.374755840136943245e-04
1.845207895171583040e-05 -2.523554645317894915e-05 5.384662115556809910e-04
1.852840463370418052e-05 -2.512202413845920397e-05 5.394568108999992818e-04
1.860480380395753059e-05 -2.500797209334844351e-05 5.404473437224670447e-04
1.868154237690175230e-05 -2.489318641605967243e-05 5.414377655426616791e-04
1.875889373745903227e-05 -2.477734146501002537e-05 5.424280163101717102e-04
1.883709275868274648e-05 -2.466028411271173467e-05 5.434180578765908289e-04
1.891636126576024028e-05 -2.454192075394887916e-05 5.444078590580946325e-04
1.899691147854789023e-05 -2.442209440253288044e-05 5.453973806545070295e-04
1.907892966474947213e-05 -2.430059890824359033e-05 5.463865780294715601e-04
1.916256161475041954e-05 -2.417725307291289884e-05 5.473754111794677628e-04
1.924792797441652763e-05 -2.405208320590877279e-05 5.483638668271275003e-04
1.933511697592243839e-05 -2.392503370037008935e-05 5.493519234726822274e-04
1.942726869785306950e-05 -2.379294023005878336e-05 5.503388655943546991e-04
1.949576725595269616e-05 -2.368016620899767957e-05 5.513300742522964180e-04
1.958311507217627031e-05 -2.355152420076783056e-05 5.523178733339380222e-04
1.967202546547453096e-05 -2.342114089289994857e-05 5.533053423785305042e-04
1.976043570426449755e-05 -2.329070631356267295e-05 5.542928495582586605e-04
1.984831704357726764e-05 -2.316009607999792281e-05 5.552803807282885324e-04
1.993570901852157227e-05 -2.302936806898412089e-05 5.562679397443084581e-04
2.002265617563966796e-05 -2.289853594115860274e-05 5.572555242368505343e-04
2.010919683064263906e-05 -2.276757086790807757e-05 5.582431268139559713e-04
2.019533160487803634e-05 -2.263637645223313008e-05 5.592307344326537689e-04
2.028109049829249544e-05 -2.250491740530446749e-05 5.602183395737188841e-04
2.036655822044203983e-05 -2.237321710519950426e-05 5.612059378162588454e-04
2.045178794886328615e-05 -2.224123921258356856e-05 5.621935195692297649e-04
2.053680655533671062e-05 -2.210891943032653010e-05 5.631810737697306134e-04
2.062159007503203367e-05 -2.197616373484411801e-05 5.641685896735657100e-04
2.070625574094266236e-05 -2.184301312625070766e-05 5.651560625226338067e-04
2.079085340061232246e-05 -2.170943902824437721e-05 5.661434840039539576e-04
2.087542107332013500e-05 -2.157540889638033326e-05 5.671308462556028107e-04
2.095986357100173298e-05 -2.144082410051135077e-05 5.681181437645916460e-04
2.104429681772479767e-05 -2.130573296487056747e-05 5.691053729134413174e-04
2.112875864153320496e-05 -2.117013274990113132e-05 5.700925298217807569e-04
2.121326055828388744e-05 -2.103401450801491564e-05 5.710796120013334528e-04
2.131296931499297861e-05 -2.088133146007314263e-05 5.720628204889080699e-04
2.139279945046878095e-05 -2.074804140168024619e-05 5.730506354573341836e-04
2.147819873350574643e-05 -2.060906548056737136e-05 5.740372367888577337e-04
2.156524400909628529e-05 -2.046784299765665800e-05 5.750233802960060848e-04
2.165320769863849113e-05 -2.032498673191068117e-05 5.760092069577020003e-04
2.174189047948525843e-05 -2.018060882449891616e-05 5.769947475040160950e-04
2.183126416871556002e-05 -2.003488726257358782e-05 5.779800278683680601e-04
2.192117306598314721e-05 -1.988799795077536589e-05 5.789650861389402433e-04
2.201142962744127862e-05 -1.974013618974884742e-05 5.799499671336760549e-04
2.210161277171374567e-05 -1.959150181742287070e-05 5.809347385688297567e-04
2.219168500666161457e-05 -1.944234785498863687e-05 5.819194416044036217e-04
2.228143668650468776e-05 -1.929291439492257038e-05 5.829041315370479381e-04
2.237063521283688379e-05 -1.914344436467081532e-05 5.838888661757347248e-04
2.245888707618867272e-05 -1.899418448603007139e-05 5.848737179522862407e-04
2.254601700403580076e-05 -1.884538299829182357e-05 5.858587389570510135e-04
2.263188734681559759e-05 -1.869727134373999215e-05 5.868439744945513296e-04
2.271629687173048023e-05 -1.855006643143131972e-05 5.878294720949260848e-04
2.279896856745579665e-05 -1.840397532887942409e-05 5.888152826531399542e-04
2.287962184413447613e-05 -1.825919322925082967e-05 5.898014534073347213e-04
2.295827326763775204e-05 -1.811586250169174966e-05 5.907879977830520976e-04
2.303481660256114828e-05 -1.797410714111393775e-05 5.917749354826644121e-04
2.310915958002679343e-05 -1.783402188986650194e-05 5.927622797398651028e-04
2.321578211319377610e-05 -1.765991502616990737e-05 5.937411187853537924e-04
2.328687674566600380e-05 -1.752163873747793866e-05 5.947288284213873583e-04
2.335945896732887541e-05 -1.738126322979637386e-05 5.957162605619318804e-04
2.343390548657300763e-05 -1.723835072963421198e-05 5.967031917516979304e-04
2.350963318595195806e-05 -1.709333718712060881e-05 5.976897189722916309e-04
2.358649576267083560e-05 -1.694640100765427453e-05 5.986758739034096083e-04
2.366440135721861805e-05 -1.679773836523357046e-05 5.996616882109671951e-04
2.374310036457887395e-05 -1.664760752092977434e-05 6.006472170045700724e-04
2.382222946480773369e-05 -1.649632027956734215e-05 6.016325345440430919e-04
2.390125080747583530e-05 -1.634425866937718572e-05 6.026177415547218780e-04
2.398006992180568483e-05 -1.619170771759776667e-05 6.036028891255680508e-04
2.405835026552035968e-05 -1.603902138647620145e-05 6.045880586794183994e-04
2.413572627934841444e-05 -1.588656671635092367e-05 6.055733355254425913e-04
2.421153507268693222e-05 -1.573480008759523175e-05 6.065588403240652036e-04
2.428560056041375226e-05 -1.558403519131326462e-05 6.075446313652721388e-04
2.435766693132458658e-05 -1.543459433949646666e-05 6.085307720675189967e-04
2.442741391503683310e-05 -1.528680351911220102e-05 6.095173280443518405e-04
2.449439709236568243e-05 -1.514101131620180002e-05 6.105043726866269966e-04
2.455822251694527323e-05 -1.499753281566297450e-05 6.114919653397044713e-04
2.461890017622893405e-05 -1.485652197247036465e-05 6.124801116644173950e-04
2.467626163058426501e-05 -1.471816018183749392e-05 6.134688303049628481e-04
2.473016682202153763e-05 -1.458258802676973306e-05 6.144581296515030933e-04
2.483404281837823732e-05 -1.439939795549455886e-05 6.154355288782613950e-04
2.487099152026546619e-05 -1.428048503175681072e-05 6.164273872254829190e-04
2.491941568090904246e-05 -1.414884738254792369e-05 6.174174791054858492e-04
2.497011153928619596e-05 -1.401465999486763637e-05 6.184071373688197325e-04
2.502158985270991896e-05 -1.387932752899412377e-05 6.193965993344394214e-04
2.507360040600128574e-05 -1.374301856523902409e-05 6.203858994337438371e-04
2.512617024440562898e-05 -1.360580704268260538e-05 6.213750451921535873e-04
2.517907026766229493e-05 -1.346787803300240439e-05 6.223640735705752297e-04
2.523202116315558026e-05 -1.332944782942114180e-05 6.233530292136984022e-04
2.528427422162079032e-05 -1.319093624450045244e-05 6.243420105663038608e-04
2.533586815590256841e-05 -1.305244982628620637e-05 6.253310300532593808e-04
2.538652491156912673e-05 -1.291422627629702479e-05 6.263201347312559713e-04
2.543590022119844428e-05 -1.277653279988695409e-05 6.273093780893330019e-04
2.548344237467591240e-05 -1.263972664693913483e-05 6.282988342306060434e-04
2.552870130479749900e-05 -1.250412337366515150e-05 6.292885628773855263e-04
2.557161265047871171e-05 -1.236986139411685102e-05 6.302785788869058169e-04
2.561188574554745668e-05 -1.223715496501781768e-05 6.312689153107082368e-04
2.564922322115409335e-05 -1.210620527145369158e-05 6.322596004365223666e-04
2.568289299312801345e-05 -1.197734306407805495e-05 6.332506903386988812e-04
2.571297225350305897e-05 -1.185057386189031594e-05 6.342421656200416917e-04
2.573937155545757296e-05 -1.172596865537555954e-05 6.352340199044194044e-04
2.576194435976495066e-05 -1.160360493184723661e-05 6.362262475723739954e-04
2.585031952481758305e-05 -1.142619155489095630e-05 6.372059620610430897e-04
2.584168898233883468e-05 -1.133503230417970924e-05 6.382005280319322064e-04
2.585386649531083063e-05 -1.122004628405314275e-05 6.391936606114714814e-04
2.587103273525794185e-05 -1.109973673872954087e-05 6.401862485623643212e-04
2.588865454594375538e-05 -1.097872558016882940e-05 6.411787432471472651e-04
2.590611912096108671e-05 -1.085714256049855174e-05 6.421711708358469623e-04
2.592335095115279829e-05 -1.073501829944203443e-05 6.431635360364207441e-04
2.594029889473031865e-05 -1.061240614924372907e-05 6.441558459642600029e-04
2.595669166608011329e-05 -1.048941284724845384e-05 6.451481180389918944e-04
2.597216341405608520e-05 -1.036616730372759583e-05 6.461403735745251727e-04
2.598578595843369736e-05 -1.024285360053434654e-05 6.471326475794411583e-04
2.599770279747639251e-05 -1.011954609669835472e-05 6.481249443701182691e-04
2.600763746957818564e-05 -9.996378619458639716e-06 6.491172802874391450e-04
2.601853597981085127e-05 -9.870658081908492896e-06 6.501092854230908213e-04
2.602400328313869777e-05 -9.747458068952338830e-06 6.511016487310841098e-04
2.602606077611399767e-05 -9.624719818398451117e-06 6.520940851485765386e-04
2.602532794610030144e-05 -9.502047954967545332e-06 6.530865316618094003e-04
2.602150615757594260e-05 -9.379605026149956352e-06 6.540789992046933728e-04
2.601423608928728545e-05 -9.257561930633466998e-06 6.550714965527686465e-04
2.600262123492155366e-05 -9.136079980173536174e-06 6.560640208556846233e-04
2.598658490430512310e-05 -9.015311958079766225e-06 6.570565707282498627e-04
2.596608094550007396e-05 -8.895411844381206936e-06 6.580491435205471865e-04
2.601902626148867672e-05 -8.695855497352224958e-06 6.590264187272697107e-04
2.595844026564767717e-05 -8.606088702071785574e-06 6.600172911238070747e-04
2.591815127839653928e-05 -8.492598514737021283e-06 6.610095345317597293e-04
2.588671144697043047e-05 -8.365874277346418256e-06 6.620009731471729157e-04
2.585406459762334229e-05 -8.235849550954520954e-06 6.629919453861128544e-04
2.582000992019863145e-05 -8.102835403371990978e-06 6.639824735045689146e-04
2.578406899528630692e-05 -7.967156062527770767e-06 6.649725734009918378e-04
2.574581135285470849e-05 -7.829163889224119115e-06 6.659622667638267178e-04
2.570542861058597973e-05 -7.689334848571835758e-06 6.669516180723403156e-04
2.567341678448059847e-05 -7.538479223759113921e-06 6.679396352296069692e-04
2.563436004100200233e-05 -7.391225646196043790e-06 6.689279507739182961e-04
2.559034761380739884e-05 -7.244902001945827306e-06 6.699162069447870457e-04
2.554562793712529466e-05 -7.096342301547585794e-06 6.709040982159886722e-04
2.550073071893276317e-05 -6.945737867814166886e-06 6.718916720116787072e-04
2.542443247996097817e-05 -6.778371681222888518e-06 6.728744764290526311e-04
2.536782611820463608e-05 -6.620783861258163784e-06 6.738602694427156189e-04
2.530677116041006992e-05 -6.462044434143722179e-06 6.748456893698087222e-04
2.523477524768557225e-05 -6.299847277633567612e-06 6.758298087740951914e-04
2.515228463736360139e-05 -6.135443808141076980e-06 6.768127387682925777e-04
2.505997068028784905e-05 -5.970182110019150289e-06 6.777946522125222802e-04
2.495862988769693012e-05 -5.805413950731107519e-06 6.787757592623428361e-04
2.484927493697479004e-05 -5.642472232370331954e-06 6.797563116949620517e-04
2.473845525343715431e-05 -5.357175743606732163e-06 6.807068745906573806e-04
2.455004541493713120e-05 -5.234012374957241658e-06 6.816777263416913275e-04
2.440401113393598928e-05 -5.082217174333597212e-06 6.826546837305751819e-04
2.426929598406314686e-05 -4.907576860818690961e-06 6.836300430820760592e-04
2.411603785618809479e-05 -4.742125019376015822e-06 6.846042387181651423e-04
2.397545629166811183e-05 -4.559774275654874116e-06 6.855773197352440715e-04
2.387417897640682063e-05 -4.398661136389185772e-06 6.865588817463528885e-04
2.373493355781579949e-05 -4.226561415263115340e-06 6.875338925049385985e-04
2.356812535739727211e-05 -4.043845799225600394e-06 6.885027630560028398e-04
2.342178537191116300e-05 -3.864407228045102991e-06 6.894755400104152308e-04
2.327911491365067273e-05 -3.682864175276823167e-06 6.904485179404507011e-04
2.313736199309904552e-05 -3.499062935938725110e-06 6.914212062695867037e-04
2.299733326269184019e-05 -3.313999109489299593e-06 6.923939049998872278e-04
2.286000868854863748e-05 -3.128771762750892871e-06 6.933669578668025333e-04
2.272673844965864568e-05 -2.944782901766316078e-06 6.943408083908636855e-04
2.259861864700102779e-05 -2.763233266910678834e-06 6.953158063522752678e-04
2.247665386112334971e-05 -2.585233145418006202e-06 6.962922459799953182e-04
2.236141582447849285e-05 -2.411439606074902911e-06 6.972702584695483329e-04
2.225397463309201793e-05 -2.242983984889266312e-06 6.982500890940737844e-04
2.215507362553573246e-05 -2.080715920063873890e-06 6.992318599719257299e-04
2.206516332178853719e-05 -1.925217725276591022e-06 7.002155880479975746e-04
2.200420547733314443e-05 -1.756094095154736907e-06 7.011992165294525774e-04
2.196773065101295376e-05 -1.531988322604874801e-06 7.021728198731119319e-04
2.175328015686387383e-05 -1.458487864748583697e-06 7.031417204779585525e-04
2.166224174937774242e-05 -1.341797570514556724e-06 7.041276235219301894e-04
2.158720127774156977e-05 -1.210091978697833368e-06 7.051160378827982331e-04
2.149213052239067954e-05 -1.077481040971471297e-06 7.061026041808723345e-04
2.137793316316985301e-05 -9.439945910529293440e-07 7.070870241247641588e-04
2.124617239882988477e-05 -8.096378982647233004e-07 7.080691329032049071e-04
2.109895852252917793e-05 -6.743355164757566238e-07 7.090489197132247325e-04
2.093881237788518889e-05 -5.378321574954994860e-07 7.100265148034636334e-04
2.084337760282135944e-05 -4.097362006193154397e-07 7.110129610405288569e-04
2.069206498027355360e-05 -2.739335074171632845e-07 7.119911326004795676e-04
2.052096892683042840e-05 -1.347073308864758528e-07 7.129664981980594028e-04
2.047897050959173086e-05 -1.021608679409120222e-08 7.139549743150504484e-04
2.049628153340388097e-05 1.064385713255651038e-07 7.149479433529539775e-04
2.037190336165678209e-05 2.414254470160909921e-07 7.159256570227964800e-04
2.021719840089992621e-05 3.837697990608618717e-07 7.169029567562514287e-04
2.013951797831050008e-05 5.049282177190952907e-07 7.178915876963976386e-04
2.000493398553157461e-05 6.284890154181581022e-07 7.188728754322056338e-04
1.992151937542053095e-05 7.758221883780874140e-07 7.198559615568000426e-04
1.986502161276348967e-05 9.123385922158538034e-07 7.208447065779584675e-04
1.978774939044068847e-05 1.040828875516713688e-06 7.218333812595665189e-04
1.970088808029566075e-05 1.176102575677665507e-06 7.228203590843131684e-04
1.960813446287512925e-05 1.319452631285461791e-06 7.238056629754042841e-04
1.951178010535006542e-05 1.384972692455938689e-06 7.247963206766486373e-04
1.941788767792336514e-05 1.460476063982149656e-06 7.257866627039628524e-04
1.933186682124966144e-05 1.598857648661586045e-06 7.267732849616961692e-04
1.926163130340414917e-05 1.741496350842295139e-06 7.277604586830616236e-04
1.920751430246841844e-05 1.883940442142390509e-06 7.287487256870609897e-04
1.901605481168018398e-05 2.003260479908702289e-06 7.297057368561602701e-04
1.874171017348563704e-05 2.116689998141726323e-06 7.306433120803966855e-04
1.866385660068431987e-05 2.249864567871395045e-06 7.316307543076864487e-04
1.851635474173026047e-05 2.382130244354485031e-06 7.326103775891421033e-04
1.836125809284141276e-05 2.501008139805905103e-06 7.335898272503671522e-04
1.819976739331755138e-05 2.608933140238588916e-06 7.345674885681650803e-04
1.793045816632616674e-05 2.716113910169798325e-06 7.355242730137229439e-04
1.764444712468298749e-05 2.805623323644732134e-06 7.364783085292727054e-04
1.737113803144562827e-05 2.901958121819487370e-06 7.374353312218967418e-04
1.711378614774677494e-05 3.000717763075283948e-06 7.383965696257260326e-04
1.687571083844070847e-05 3.099131851327524059e-06 7.393627791430861223e-04
1.660573300798006294e-05 3.214406995913000879e-06 7.403185787568716467e-04
1.638095255775212048e-05 3.338915240270434043e-06 7.412848731586595651e-04
1.621780895205443906e-05 3.468432260402376896e-06 7.422629026355021930e-04
1.607731131249235120e-05 3.616777390301452435e-06 7.432417592577332446e-04
