# first line: diameter, stdev on diameter, fiber length; other lines: x, y, z coordinates
1.399999999999999979e-05 9.971360964565319321e-07 9.769966452716559273e-04
-8.100552303056512136e-05 -8.204049132145150767e-05 4.573733372672823122e-07
-8.082406145503075884e-05 -8.219337260963213124e-05 1.428814980203047674e-06
-8.064121248365362668e-05 -8.234746407620436139e-05 2.399805117703343246e-06
-8.045704207853156926e-05 -8.250268732534444345e-05 3.370365167257262026e-06
-8.027172548181164694e-05 -8.265887843875654333e-05 4.340551722322805520e-06
-8.008526962159462587e-05 -8.281602091100253151e-05 5.310366298412298736e-06
-7.989754908338338635e-05 -8.297420600412503582e-05 6.279767298128990580e-06
-7.970832475539560652e-05 -8.313360805134366945e-05 7.248676422653629881e-06
-7.951791281565524794e-05 -8.329395553275748204e-05 8.217196858076097551e-06
-7.932633164413327703e-05 -8.345522311959981522e-05 9.185333870773571691e-06
-7.913357592407862606e-05 -8.361740501035230496e-05 1.015308493466839795e-05
-7.893920358513252793e-05 -8.378082272000308690e-05 1.112030453972730031e-05
-7.874356791086913044e-05 -8.394518871756113324e-05 1.208710873152360303e-05
-7.854673023032095712e-05 -8.411044579535345122e-05 1.305351696798302819e-05
-7.834868798034100702e-05 -8.427658607006727740e-05 1.401952759411519492e-05
-7.814915479117687876e-05 -8.444380264915227966e-05 1.498504553487569474e-05
-7.794817298061182886e-05 -8.461204562443728854e-05 1.595008460514172124e-05
-7.774594743444815110e-05 -8.478115695040915815e-05 1.691471201503268879e-05
-7.754248725584919123e-05 -8.495112046441095520e-05 1.787892994232196699e-05
-7.733766868072488123e-05 -8.512200950777404655e-05 1.884269656643455804e-05
-7.713120975860404487e-05 -8.529399505832721041e-05 1.980591794337920389e-05
-7.692346484969864585e-05 -8.546682570396452346e-05 2.076871151977625896e-05
-7.671445520737512833e-05 -8.564047760961156859e-05 2.173108350331329902e-05
-7.650417549475212414e-05 -8.581494504539091716e-05 2.269303121786667848e-05
-7.629215589066683787e-05 -8.599050909964434000e-05 2.365439725617230794e-05
-7.607876359538794206e-05 -8.616692212290529734e-05 2.461530412366458656e-05
-7.586407284275811531e-05 -8.634412780252415033e-05 2.557577581774610372e-05
-7.564808188162458664e-05 -8.652211816144249985e-05 2.653581080861041296e-05
-7.543048698555341941e-05 -8.670106105329267946e-05 2.749530633508099307e-05
-7.521132440927262022e-05 -8.688091698864568266e-05 2.845427421255676374e-05
-7.499082081926260115e-05 -8.706154198706981986e-05 2.941279005563000350e-05
-7.476898685919765861e-05 -8.724292085595717716e-05 3.037085646474487789e-05
-7.454569201543896943e-05 -8.742511641087273285e-05 3.132842839596861051e-05
-7.432062790174177034e-05 -8.760828144825873371e-05 3.228540093256964880e-05
-7.409417970502207526e-05 -8.779219140479860219e-05 3.324190403444738859e-05
-7.386637096277091864e-05 -8.797682444769233895e-05 3.419794464953429362e-05
-7.363719633141293261e-05 -8.816217487544763295e-05 3.515351989408048439e-05
-7.340615072887948648e-05 -8.834848884879713737e-05 3.610845692084032992e-05
-7.317363003473861241e-05 -8.853554743573315683e-05 3.706289027965276560e-05
-7.293971474051227314e-05 -8.872330032659692220e-05 3.801684642391564041e-05
-7.270440338125926322e-05 -8.891173982624336165e-05 3.897032372131444510e-05
-7.246736809164759869e-05 -8.910101276446277189e-05 3.992320869519228911e-05
-7.222865248028750558e-05 -8.929108136468068182e-05 4.087551565886489609e-05
-7.198849893129154783e-05 -8.948181972072061555e-05 4.182732708296978998e-05
-7.174691915510414788e-05 -8.967321389623509503e-05 4.277864580731001627e-05
-7.150376982299442316e-05 -8.986531933043428186e-05 4.372942112342644190e-05
-7.125872820481113606e-05 -9.005826402527065152e-05 4.467954040766972806e-05
-7.101220482729723050e-05 -9.025185334074925948e-05 4.562914518448936939e-05
-7.076422508992750689e-05 -9.044606765671735389e-05 4.657824300848445627e-05
-7.051478367074609011e-05 -9.064090125849281641e-05 4.752683073531256339e-05
-7.026333520688224528e-05 -9.083656722027030135e-05 4.847471689384133878e-05
-7.001031440780838431e-05 -9.103287123544781827e-05 4.942205264317944997e-05
-6.975580338134820758e-05 -9.122977095290895179e-05 5.036886543608571319e-05
-6.949980060230518785e-05 -9.142725907966214676e-05 5.131515336388096753e-05
-6.924194970662334416e-05 -9.162546254287734949e-05 5.226078967278239597e-05
-6.898231058935830719e-05 -9.182434257931823259e-05 5.320579444156956633e-05
-6.872113724210084378e-05 -9.202379269331028026e-05 5.415025617003439186e-05
-6.845844214401764752e-05 -9.222380027538231318e-05 5.509417781591986404e-05
-6.819406536446364297e-05 -9.242441395398576242e-05 5.603750111661445071e-05
-6.792767771017583557e-05 -9.262573531065675233e-05 5.698010761563351324e-05
-6.765971139631748890e-05 -9.282760048937809514e-05 5.792215024816261756e-05
-6.739019342898818941e-05 -9.302999211558225367e-05 5.886363711016164707e-05
-6.711911855375752851e-05 -9.323290442386180288e-05 5.980456474961566918e-05
-6.684589829118345002e-05 -9.343651713921189653e-05 6.074472015587411601e-05
-6.657101230017174211e-05 -9.364066054102399581e-05 6.168427481798217406e-05
-6.629454142287815547e-05 -9.384530040126234398e-05 6.262325628377755221e-05
-6.601648388889946233e-05 -9.405042980729574767e-05 6.356166224345751077e-05
-6.573645234257894363e-05 -9.425615525644240030e-05 6.449935039646225929e-05
-6.545452847349434973e-05 -9.446243746634696561e-05 6.543634896445595268e-05
-6.517097526474964280e-05 -9.466918929715387740e-05 6.637275222407001442e-05
-6.488580580667194426e-05 -9.487639942822834421e-05 6.730856318101947899e-05
-6.459884123980986169e-05 -9.508410901272868040e-05 6.824371441103115055e-05
-6.430975114328866540e-05 -9.529239393820232559e-05 6.917808262753657490e-05
-6.399244819587783821e-05 -9.552259140335610818e-05 7.009798720967498620e-05
-6.369581022595733634e-05 -9.573516052842467720e-05 7.102898132750612437e-05
-6.339445074314503474e-05 -9.595062761051305377e-05 7.195782571814282949e-05
-6.308599889705573829e-05 -9.617054411638200565e-05 7.288329280748695634e-05
-6.277138289693048336e-05 -9.639444724175801787e-05 7.380572466802993135e-05
-6.245121410758138457e-05 -9.662188000054359452e-05 7.472537861507016349e-05
-6.212614492811038705e-05 -9.685230837443793749e-05 7.564256486235708919e-05
-6.179650886163515038e-05 -9.708520797799230051e-05 7.655749440529111341e-05
-6.146324181866756565e-05 -9.731987441870482364e-05 7.747065578656334682e-05
-6.112748338620339222e-05 -9.755553732009942169e-05 7.838264747247005761e-05
-6.079013630644342629e-05 -9.779146658132301540e-05 7.929398395356535532e-05
-6.045188457644211865e-05 -9.802697847587126326e-05 8.020509309195652907e-05
-6.011325419907775387e-05 -9.826143445091536075e-05 8.111633389102854141e-05
-5.977550673363778052e-05 -9.849409417110484277e-05 8.202836231668321487e-05
-5.943937298009881686e-05 -9.872437362138708255e-05 8.294159008939054958e-05
-5.909889145668829603e-05 -9.895795997768897000e-05 8.385236317837727396e-05
-5.876577675932931956e-05 -9.918333745842794361e-05 8.476791278540013116e-05
-5.843429564995223648e-05 -9.940639993243022092e-05 8.568462598671855793e-05
-5.807789884839218060e-05 -9.965432092824778117e-05 8.658542222610512464e-05
-5.774596799443766832e-05 -9.987666868908586437e-05 8.750209597888775059e-05
-5.741219216840261528e-05 -1.000998843778957905e-04 8.841793842435247130e-05
-5.707536001258246063e-05 -1.003252868958435883e-04 8.933212493744224596e-05
-5.673601161551264946e-05 -1.005524905106676420e-04 9.024493413313365055e-05
-5.639444962548039125e-05 -1.007810996300586887e-04 9.115656611800599524e-05
-5.605075012303414308e-05 -1.010107141903001716e-04 9.206714147305433867e-05
-5.570491047371944887e-05 -1.012409188656305425e-04 9.297675702673495815e-05
-5.535771318296479085e-05 -1.014711948064566695e-04 9.388583729445071878e-05
-5.500945287108030524e-05 -1.017010997937514629e-04 9.479460480303820470e-05
-5.466036189998796580e-05 -1.019302245306970354e-04 9.570325065393005433e-05
-5.430989032036575594e-05 -1.021582812676092672e-04 9.661163363125892592e-05
-5.395544029908228321e-05 -1.023887089201911148e-04 9.751787136631426267e-05
-5.360542228883742214e-05 -1.026126911804747381e-04 9.842743993726424216e-05
-5.325305206639917240e-05 -1.028365365799033016e-04 9.933613570967114725e-05
-5.289924163820690351e-05 -1.030591270929027205e-04 1.002445802350535650e-04
-5.254425387308756125e-05 -1.032802806653906278e-04 1.011529164104830580e-04
-5.217839344191741997e-05 -1.035121182564025487e-04 1.020542384219890429e-04
-5.181987317792201612e-05 -1.037320932765054725e-04 1.029614647623808624e-04
-5.148549198777140404e-05 -1.039303836751936423e-04 1.038827699376071792e-04
-5.112841414202373024e-05 -1.041450203811560997e-04 1.047918172481655374e-04
-5.077093939450393371e-05 -1.043582293564126930e-04 1.057010770077143700e-04
-5.041414688980966439e-05 -1.045691330738073797e-04 1.066111420705768194e-04
-5.005759276826285208e-05 -1.047780626738939664e-04 1.075217558080198647e-04
-4.970003534355795687e-05 -1.049854479432399943e-04 1.084323291842498403e-04
-4.934167332006752837e-05 -1.051916809758314184e-04 1.093428479966521844e-04
-4.898198947125767256e-05 -1.053972292260898179e-04 1.102530003669341743e-04
-4.862041726589823759e-05 -1.056025789406087468e-04 1.111624490186208323e-04
-4.826327911298423245e-05 -1.058012078217006297e-04 1.120751348054143358e-04
-4.789823307180940534e-05 -1.060049912548366327e-04 1.129835446739343042e-04
-4.753099954405559110e-05 -1.062087474006861103e-04 1.138910813408731352e-04
-4.716127792124263777e-05 -1.064127629851443406e-04 1.147975488091854124e-04
-4.678812667877456648e-05 -1.066176174156499096e-04 1.157024202028253054e-04
-4.641080028591603189e-05 -1.068238637813296969e-04 1.166052415389382500e-04
-4.602926024192734183e-05 -1.070320094913100557e-04 1.175058533495131844e-04
-4.564307137360613205e-05 -1.072425173768146633e-04 1.184039309774862891e-04
-4.525177620203722626e-05 -1.074557776086894557e-04 1.192991442158751469e-04
-4.488367518627062598e-05 -1.076421448237883211e-04 1.202100307798495242e-04
-4.448873460139034946e-05 -1.078535715239279546e-04 1.211040438947668611e-04
-4.409181498146693735e-05 -1.080646786922427876e-04 1.219972899355139563e-04
-4.369355169938730221e-05 -1.082748582406895357e-04 1.228901565679999495e-04
-4.329293317275801804e-05 -1.084844710725352550e-04 1.237821022113333794e-04
-4.289013660231096947e-05 -1.086938975960012940e-04 1.246731102186177109e-04
-4.248889136539753269e-05 -1.088991412285236559e-04 1.255657896091879385e-04
-4.208261146531682383e-05 -1.091076904071622782e-04 1.264554199770237877e-04
-4.167372967953903931e-05 -1.093162882552721856e-04 1.273438468844957216e-04
-4.126206070646485806e-05 -1.095251708506927302e-04 1.282309186906829997e-04
-4.084772889827615206e-05 -1.097346972149331162e-04 1.291165978292737986e-04
-4.043048351478118244e-05 -1.099451773641520164e-04 1.300006815292077591e-04
-4.000990039129701870e-05 -1.101568431071012579e-04 1.308828985657538389e-04
-3.958536183589727155e-05 -1.103697822656006441e-04 1.317629117300849872e-04
-3.915734996947748835e-05 -1.105842223132957940e-04 1.326408756717439418e-04
-3.872578653634019442e-05 -1.108002696708183598e-04 1.335167043475195183e-04
-3.829062093818573752e-05 -1.110179647017785009e-04 1.343903399000027487e-04
-3.786177745266288515e-05 -1.112236852923655539e-04 1.352699785514086678e-04
-3.742162509804152528e-05 -1.114404769701630901e-04 1.361413309160872803e-04
-3.697935843941282106e-05 -1.116569205955939269e-04 1.370117056729508800e-04
-3.653535930159015720e-05 -1.118725121270771304e-04 1.378814095969302291e-04
-3.608917500296645670e-05 -1.120868925308265464e-04 1.387502941552389967e-04
-3.564109004002385782e-05 -1.123000770646044323e-04 1.396184946132195126e-04
-3.519136860705801925e-05 -1.125121386695947782e-04 1.404861237765287364e-04
-3.474004215219688335e-05 -1.127230231384616850e-04 1.413532062566193008e-04
-3.428687559454188222e-05 -1.129324428287164540e-04 1.422196837589212969e-04
-3.383177375199918757e-05 -1.131401516903874147e-04 1.430855585197894891e-04
-3.337515582876461037e-05 -1.133464035341253539e-04 1.439509833258221377e-04
-3.291705932340471260e-05 -1.135511502478131712e-04 1.448159840297049035e-04
-3.245744185005782130e-05 -1.137542543507462980e-04 1.456805650408335949e-04
-3.199587892158080099e-05 -1.139550534944767680e-04 1.465446478168771528e-04
-3.153292127103538635e-05 -1.141540546352609879e-04 1.474084004346853244e-04
-3.106861183486648388e-05 -1.143512182590449824e-04 1.482718487962151211e-04
-3.060297381915063285e-05 -1.145464830316720309e-04 1.491350131616238101e-04
-3.013560715141732650e-05 -1.147390747838992206e-04 1.499978436550152266e-04
-2.966687450906071050e-05 -1.149293716051962233e-04 1.508604423969346804e-04
-2.919691494628630956e-05 -1.151174870303908456e-04 1.517228520347105487e-04
-2.872575602155199605e-05 -1.153033639133713649e-04 1.525850926229141164e-04
-2.825319107846425114e-05 -1.154864403147831138e-04 1.534471628445476573e-04
-2.777925616709629671e-05 -1.156665565213469776e-04 1.543091045418179541e-04
-2.730422107591971487e-05 -1.158441344370184404e-04 1.551709673438578414e-04
-2.682811951320577374e-05 -1.160191270920194460e-04 1.560327704576117309e-04
-2.635091171113773794e-05 -1.161912891934019316e-04 1.568945317988682669e-04
-2.587236136906860266e-05 -1.163597191655926663e-04 1.577562860398285405e-04
-2.539284348541122718e-05 -1.165252425951444529e-04 1.586180657577251300e-04
-2.491239726602850239e-05 -1.166878262834905795e-04 1.594798880431653933e-04
-2.443104919167443960e-05 -1.168474029438871202e-04 1.603417691172755524e-04
-2.394856053056523641e-05 -1.170028572066980686e-04 1.612037656549341561e-04
-2.346517978929631466e-05 -1.171547885718787454e-04 1.620658906324259647e-04
-2.298101314458286042e-05 -1.173034083318713925e-04 1.629281518661855437e-04
-2.249609141095587121e-05 -1.174486564150195123e-04 1.637905633111540454e-04
-2.201033089193463513e-05 -1.175898667974047286e-04 1.646531731656732719e-04
-2.152373695401624807e-05 -1.177266399745767684e-04 1.655160281593503861e-04
-2.103650695313672320e-05 -1.178597104944812665e-04 1.663791032950187251e-04
-2.054867742734076881e-05 -1.179890368241057067e-04 1.672424088980648850e-04
-2.006027880504501737e-05 -1.181145435324235245e-04 1.681059564321320515e-04
-1.957115651402352923e-05 -1.182345571391072895e-04 1.689698748599281417e-04
-1.908155955142686977e-05 -1.183504647163810081e-04 1.698340852975507072e-04
-1.859152894879293738e-05 -1.184622486160109216e-04 1.706985931238138958e-04
-1.810109817505566198e-05 -1.185698355734377750e-04 1.715634064541544154e-04
-1.761023373581635220e-05 -1.186721771457118684e-04 1.724286100989336906e-04
-1.711901389049990202e-05 -1.187693111007267642e-04 1.732942122768530487e-04
-1.662753582695469738e-05 -1.188619095672860583e-04 1.741601650128220095e-04
-1.613583802090808625e-05 -1.189499252384893153e-04 1.750264708426036223e-04
-1.564395263793245589e-05 -1.190331075949395466e-04 1.758931476365333067e-04
-1.515578161741282134e-05 -1.191069964755836963e-04 1.767627599889264045e-04
-1.466428971978355293e-05 -1.191782940945140037e-04 1.776307183044712606e-04
-1.417360693964774896e-05 -1.192440142697841242e-04 1.784995739400176227e-04
-1.368387157387193199e-05 -1.193040126755878284e-04 1.793693775430495272e-04
-1.319505371873825202e-05 -1.193570635718847110e-04 1.802401479038314575e-04
-1.270708336057589564e-05 -1.194035004240292093e-04 1.811117711363002900e-04
-1.221982191591650772e-05 -1.194441750449825001e-04 1.819840788503989185e-04
-1.173311895752059110e-05 -1.194791825315198866e-04 1.828569440395441410e-04
-1.124682169280322097e-05 -1.195083988511291075e-04 1.837302482684145116e-04
-1.076089309488405793e-05 -1.195300945972819823e-04 1.846039763893181189e-04
-1.027506899179783045e-05 -1.195462084508529569e-04 1.854778838833947251e-04
-9.789192121931821708e-06 -1.195568782675516400e-04 1.863518454821404269e-04
-9.303130616539262695e-06 -1.195621604761985644e-04 1.872257535930695223e-04
-8.816919542041796179e-06 -1.195607514079477453e-04 1.880995930309517679e-04
-8.330499859392482591e-06 -1.195528933104600920e-04 1.889732822346228743e-04
-7.843750742117719382e-06 -1.195396254345716544e-04 1.898467227526691534e-04
-7.356684826389154914e-06 -1.195210451168588265e-04 1.907198897847829644e-04
-6.869378802640888641e-06 -1.194970972872999587e-04 1.915927920833121120e-04
-6.382239882789905765e-06 -1.194658906950607117e-04 1.924655578709533795e-04
-5.895138313775726393e-06 -1.194295444215604299e-04 1.933381460876345409e-04
-5.408245924409605111e-06 -1.193881228245257130e-04 1.942106248757214781e-04
-4.921775290952944231e-06 -1.193415953643505605e-04 1.950830815733034258e-04
-4.436185059823707451e-06 -1.192888105711443038e-04 1.959556723247239327e-04
-3.951723171813308423e-06 -1.192299570869923345e-04 1.968285020631788118e-04
-3.468468774281267807e-06 -1.191659208512144965e-04 1.977016364575294709e-04
-2.986668787016649375e-06 -1.190966771354235918e-04 1.985751770499620279e-04
-2.506592581863899007e-06 -1.190220629871923118e-04 1.994492242879772771e-04
-2.028892791682593324e-06 -1.189404878764240979e-04 2.003239509384192353e-04
-1.553338530509035275e-06 -1.188536808210091157e-04 2.011993432566550836e-04
-1.080063866050500997e-06 -1.187617186191430841e-04 2.020754443155230867e-04
-6.091738349776009379e-07 -1.186646490064259676e-04 2.029522790156570999e-04
-1.363529300225661895e-07 -1.185647487983773060e-04 2.038277559825798797e-04
3.307557613719422328e-07 -1.184573123355372700e-04 2.047054027721638327e-04
7.962793864105440351e-07 -1.183457734052487315e-04 2.055833812916439424e-04
1.260332283457486657e-06 -1.182303359509374906e-04 2.064616344337080571e-04
1.722781131221651898e-06 -1.181108356901049589e-04 2.073401901663525851e-04
2.183178009335152166e-06 -1.179864729300860755e-04 2.082191485105317191e-04
2.641983076023687579e-06 -1.178585637655209429e-04 2.090984304400148042e-04
3.099188715188615335e-06 -1.177272383676074378e-04 2.099780418399039249e-04
3.554771931958074914e-06 -1.175925863702415145e-04 2.108579920426683404e-04
4.008177339420537536e-06 -1.174537375903044416e-04 2.117384145933446250e-04
4.459717921645339100e-06 -1.173115322112124807e-04 2.126192598084525754e-04
4.909535168492270829e-06 -1.171663740908653094e-04 2.135005050708986638e-04
5.357612767720228305e-06 -1.170183596059782384e-04 2.143821613746984839e-04
5.803632045472585829e-06 -1.168671448103091070e-04 2.152643180758327668e-04
6.247398568435464289e-06 -1.167126747835266524e-04 2.161470466888115380e-04
6.689320966953772318e-06 -1.165557028075794518e-04 2.170302590650693107e-04
7.129393237901089544e-06 -1.163963349062121394e-04 2.179139660228506057e-04
7.567551602083294426e-06 -1.162346048528230589e-04 2.187981946997262592e-04
8.003058324010136118e-06 -1.160698578542647186e-04 2.196831759505308689e-04
8.436604617363403346e-06 -1.159030551183773557e-04 2.205687346522300883e-04
8.868194838126813726e-06 -1.157343077130972719e-04 2.214548802141524855e-04
9.297810127986127766e-06 -1.155636974906779850e-04 2.223416285570452029e-04
9.724808239497265486e-06 -1.153908168773141009e-04 2.232292008198153398e-04
1.014952063224530357e-05 -1.152161399965203741e-04 2.241175178267101366e-04
1.057216629687884655e-05 -1.150399554652779219e-04 2.250065225763756525e-04
1.099273385616602842e-05 -1.148623495178523901e-04 2.258962297480434592e-04
1.141082283734075524e-05 -1.146831912960453694e-04 2.267867934207510629e-04
1.182624621561992392e-05 -1.145025606348272273e-04 2.276783065591474631e-04
1.223949093414285022e-05 -1.143208551610898799e-04 2.285706135305332239e-04
1.265055457027872276e-05 -1.141381636376999586e-04 2.294637262354277604e-04
1.305929385161542056e-05 -1.139545220046908023e-04 2.303577104291374376e-04
1.346497214068110257e-05 -1.137698351525290568e-04 2.312528727233308188e-04
1.386835825140414857e-05 -1.135845052244814342e-04 2.321489376060513390e-04
1.426945884398977432e-05 -1.133986204219942167e-04 2.330459130598018947e-04
1.466825465957317426e-05 -1.132122582932727967e-04 2.339438166531965842e-04
1.506387127191345850e-05 -1.130254201925513091e-04 2.348430266697852913e-04
1.545693799098835376e-05 -1.128383504795958724e-04 2.357433062099563263e-04
1.584760703848110965e-05 -1.126511541037252939e-04 2.366446025039983456e-04
1.623586311684713828e-05 -1.124639090042707100e-04 2.375469307614906048e-04
1.662108380222439204e-05 -1.122767412899820826e-04 2.384505750159309975e-04
1.700335638730377227e-05 -1.120898088028038689e-04 2.393555189946223582e-04
1.738311034201073539e-05 -1.119031793255150246e-04 2.402615852970821451e-04
1.776033869927328153e-05 -1.117169298474738113e-04 2.411687840982894900e-04
1.813469446576807076e-05 -1.115312150924856790e-04 2.420772814740871411e-04
1.850567549754110843e-05 -1.113462975562543901e-04 2.429873244092315299e-04
1.887401094145159459e-05 -1.111621172317054941e-04 2.438985907496796311e-04
1.923970273327401374e-05 -1.109787474711810136e-04 2.448110844595402166e-04
1.960270685687027367e-05 -1.107962744688112459e-04 2.457248302242310591e-04
1.996187608272976600e-05 -1.106152580826237912e-04 2.466403791979204698e-04
2.031826582350604389e-05 -1.104354191800932875e-04 2.475572456032860014e-04
2.067188769192509609e-05 -1.102568246838054938e-04 2.484754260065548566e-04
2.102271756319047969e-05 -1.100795536003032141e-04 2.493949329538981685e-04
2.136983446456706105e-05 -1.099041817112015430e-04 2.503162113774786649e-04
2.171373528827484043e-05 -1.097305845312314908e-04 2.512390308467521254e-04
2.205474429688866769e-05 -1.095586218226705000e-04 2.521632284982443239e-04
2.239286826339521129e-05 -1.093882991030146307e-04 2.530887888528199261e-04
2.272757172010999633e-05 -1.092198901754320908e-04 2.540159412078252330e-04
2.305874096424668726e-05 -1.090534077812422187e-04 2.549447091990360899e-04
2.338705210581646553e-05 -1.088884494369895287e-04 2.558747630586894872e-04
2.371253674245315930e-05 -1.087249739254975795e-04 2.568060713628293225e-04
2.403501938836068090e-05 -1.085630447268824732e-04 2.577386931963221526e-04
2.435370958225834388e-05 -1.084030115227256163e-04 2.586729443990506538e-04
2.466959545374069093e-05 -1.082443405159926703e-04 2.596083797540861809e-04
2.498272015206790827e-05 -1.080869854369532107e-04 2.605449650324807159e-04
2.529309514831987681e-05 -1.079309163188071999e-04 2.614826800632766898e-04
2.559974752169038076e-05 -1.077765323885917278e-04 2.624218974762101975e-04
2.590350561088242205e-05 -1.076234124507108151e-04 2.633622617552518631e-04
2.620456656571637510e-05 -1.074714418331323789e-04 2.643036792738700288e-04
2.650294763619657896e-05 -1.073205879160790157e-04 2.652461290333766632e-04
2.679803068108611332e-05 -1.071710633422651566e-04 2.661898281217673495e-04
2.708997336484063719e-05 -1.070227513777101522e-04 2.671346945954597429e-04
2.737928054743324593e-05 -1.068754223379112482e-04 2.680805250493310202e-04
2.766598051973851623e-05 -1.067290393730298482e-04 2.690272958228527838e-04
2.794979262791651091e-05 -1.065836693398864739e-04 2.699750921764630662e-04
2.823023802491890307e-05 -1.064394196336434958e-04 2.709240610806727158e-04
2.850811249327853255e-05 -1.062959840770526997e-04 2.718739093768146858e-04
2.878345465563473361e-05 -1.061533229782279009e-04 2.728246113667116661e-04
2.905627786324239861e-05 -1.060114055031432151e-04 2.737761504888679923e-04
2.932557736660128700e-05 -1.058704615310868412e-04 2.747288372832584757e-04
2.959234964624758718e-05 -1.057301672672885946e-04 2.756823307827399247e-04
2.985666541255906827e-05 -1.055904753502150248e-04 2.766365965400209657e-04
3.011853911036176557e-05 -1.054513546103440089e-04 2.775916187290150636e-04
3.037755047946557669e-05 -1.053119400423502039e-04 2.785473783341694144e-04
3.063358554712940234e-05 -1.051739556682557169e-04 2.795041468508982756e-04
3.088724781850045936e-05 -1.050363450057253657e-04 2.804616010666041194e-04
3.113856953021744661e-05 -1.048990446522116561e-04 2.814197168376142075e-04
3.138717953870910469e-05 -1.047620767904303488e-04 2.823785873327614316e-04
3.163288090702695457e-05 -1.046254113737834487e-04 2.833382503601587690e-04
3.187628353981958459e-05 -1.044889312635257869e-04 2.842985254096308360e-04
3.211937429998669804e-05 -1.043459478839276036e-04 2.852579321326945139e-04
3.235846563738728129e-05 -1.042087194881016407e-04 2.862191823403764050e-04
3.259489643724721412e-05 -1.040701753280377849e-04 2.871809025246821034e-04
3.282955539296854731e-05 -1.039300943076611975e-04 2.881428340819941394e-04
3.306242818658483134e-05 -1.037886318861548131e-04 2.891049975263754006e-04
3.329345519828436772e-05 -1.036460076591033083e-04 2.900674343858330485e-04
3.352182589220737243e-05 -1.035024617961397659e-04 2.910303680131601581e-04
3.374801682836110869e-05 -1.033582828091188650e-04 2.919937214938849758e-04
3.397212688946070968e-05 -1.032138055868733349e-04 2.929575165350976201e-04
3.419406638857832166e-05 -1.030693713153014486e-04 2.939218201485540444e-04
3.441328585491751986e-05 -1.029252567373461260e-04 2.948867935101732139e-04
3.462973969251787278e-05 -1.027817384895699421e-04 2.958524798009926505e-04
3.484377955657437471e-05 -1.026391279568529221e-04 2.968188384188498799e-04
3.505535775054650829e-05 -1.024976470923503704e-04 2.977859049203906375e-04
3.526423794114926641e-05 -1.023574134651713576e-04 2.987537392754992336e-04
3.547087626685219435e-05 -1.022116088294923019e-04 2.997212311741691889e-04
3.567421247417131144e-05 -1.020728745266843128e-04 3.006904603971485151e-04
3.587527663906848926e-05 -1.019339213746865361e-04 3.016601330618161585e-04
3.607412960684300610e-05 -1.017945023231901997e-04 3.026301947512363179e-04
3.627006441878363816e-05 -1.016543328748492392e-04 3.036007419235067957e-04
3.646383039027943288e-05 -1.015135693300654886e-04 3.045716385351121634e-04
3.668366993531349692e-05 -1.013734005021941055e-04 3.055370408884866464e-04
3.687678656322500450e-05 -1.012315397161260734e-04 3.065078942864152365e-04
3.707154621117391102e-05 -1.010889552967683447e-04 3.074783262165096693e-04
3.726898016001814782e-05 -1.009456961448815981e-04 3.084481181535002337e-04
3.746907563364836827e-05 -1.008018307010910845e-04 3.094172746347394112e-04
3.767140663878690504e-05 -1.006573065230624477e-04 3.103858688431686795e-04
3.787517140400912207e-05 -1.005119207656531222e-04 3.113540335009093094e-04
3.807947511709764137e-05 -1.003654314119018946e-04 3.123219182090764337e-04
3.828404710035856757e-05 -1.002180170644283023e-04 3.132896058036633256e-04
3.849104735370891380e-05 -1.000695238960659812e-04 3.142566116936212732e-04
3.869198801302345891e-05 -9.992746665323017107e-05 3.152258584571483897e-04
3.889202457926263610e-05 -9.977903810404362367e-05 3.161943379640214623e-04
3.908926975568418488e-05 -9.963060588897154222e-05 3.171633900245351013e-04
3.928282880514317608e-05 -9.948219614187600959e-05 3.181331884105197821e-04
3.947191147647337404e-05 -9.933349862324007456e-05 3.191038253208969624e-04
3.965534784150459514e-05 -9.918374855556292842e-05 3.200753832198316960e-04
3.983280288002285580e-05 -9.903274508606764231e-05 3.210478575182463840e-04
4.000399695759197783e-05 -9.888025345226145895e-05 3.220212214564508596e-04
4.024460358545887907e-05 -9.871027326268354014e-05 3.229767335610185617e-04
4.041214707575412817e-05 -9.855131022655505557e-05 3.239495617350575830e-04
4.058273734431395465e-05 -9.838710921195074021e-05 3.249211242549109816e-04
4.075979696209428027e-05 -9.821714249148949896e-05 3.258905354648789377e-04
4.094262290347816931e-05 -9.804139006918695777e-05 3.268578425362944802e-04
4.112999490586978480e-05 -9.786091918986938973e-05 3.278234098260566446e-04
4.132077190024414638e-05 -9.767348577494747359e-05 3.287869814001273625e-04
4.151305372944401047e-05 -9.748837060703195994e-05 3.297507031786803960e-04
4.170706379333877451e-05 -9.729408474741784449e-05 3.307122688961466016e-04
4.190062293533044347e-05 -9.709710450324508292e-05 3.316733793838897489e-04
4.209190132944144242e-05 -9.689767744026529252e-05 3.326344417522515869e-04
4.227971424290938394e-05 -9.669653727047523102e-05 3.335958304321005874e-04
4.246290602045314132e-05 -9.649440403737494243e-05 3.345579020277960735e-04
4.264025359645842657e-05 -9.629173636251766373e-05 3.355209553913514938e-04
4.281049190484869374e-05 -9.608865304996789506e-05 3.364852029118273972e-04
4.297252935695938423e-05 -9.588517767777373323e-05 3.374507793580173477e-04
4.312596072989500324e-05 -9.568212750891839143e-05 3.384178498179583362e-04
4.332430804738917230e-05 -9.544579685719503453e-05 3.393689521160121649e-04
4.346735541503158213e-05 -9.523908361333293293e-05 3.403366897131714520e-04
4.357676913018422175e-05 -9.502747161370363931e-05 3.413078693388889653e-04
4.370746363293332164e-05 -9.481096073022459120e-05 3.422753433456877763e-04
4.383509849564226185e-05 -9.458929619194640203e-05 3.432420756807727426e-04
4.395466410943447755e-05 -9.436296665499597320e-05 3.442087577023411182e-04
4.407137342250919463e-05 -9.413163039614743017e-05 3.451746048637772957e-04
4.418296927822684564e-05 -9.389598733989684709e-05 3.461400147768342594e-04
4.428988284622262304e-05 -9.365702652683182566e-05 3.471051394092644106e-04
4.439264825800392887e-05 -9.341534541202642730e-05 3.480700374774501997e-04
4.449181641448516803e-05 -9.317134086379384847e-05 3.490347273529567466e-04
4.458781754563363384e-05 -9.292481865585747994e-05 3.499990974975540105e-04
4.468173348660581831e-05 -9.267712735655511875e-05 3.509633736802635247e-04
4.477436398348420360e-05 -9.242878137300930823e-05 3.519276058974566985e-04
4.486649809305946041e-05 -9.218018065529659142e-05 3.528918200729591181e-04
4.495863663815459396e-05 -9.193078430169067286e-05 3.538558283259828161e-04
4.505169839041544470e-05 -9.168130731164530697e-05 3.548197270214698603e-04
4.514646405129798260e-05 -9.143219861719818341e-05 3.557835548958876264e-04
4.524353363514532279e-05 -9.118350653365349292e-05 3.567472610056681738e-04
4.534329894748388338e-05 -9.093477551166516003e-05 3.577106816777832470e-04
4.536362460624204578e-05 -9.070420128664454244e-05 3.586833314691436313e-04
4.544504165221595376e-05 -9.046005955597471949e-05 3.596494975504653177e-04
4.552165273474119000e-05 -9.021723664611456302e-05 3.606165353589488136e-04
4.558969394181178268e-05 -8.997617468962552456e-05 3.615846546798249725e-04
4.565015797868128241e-05 -8.973493805663541227e-05 3.625532338043177538e-04
4.570469975345651511e-05 -8.949342225297804443e-05 3.635220955860438748e-04
4.575496113649265585e-05 -8.925080206962694327e-05 3.644909134188530075e-04
4.580263453485056607e-05 -8.900596809402369332e-05 3.654593052647388870e-04
4.584935393049778486e-05 -8.875720249571259846e-05 3.664267408705896949e-04
4.589682802285498247e-05 -8.850305701610879680e-05 3.673927397210901766e-04
4.594690738869676314e-05 -8.824313322357431842e-05 3.683570675816491904e-04
4.600120890001135936e-05 -8.797643698518782106e-05 3.693193143164252151e-04
4.606119191284847869e-05 -8.770200869640798198e-05 3.702790449097235603e-04
4.612791534563316664e-05 -8.741768770286719359e-05 3.712354424019327203e-04
4.620261978163264137e-05 -8.712391336493641701e-05 3.721883862187699323e-04
4.628611339472206914e-05 -8.682037776365885405e-05 3.731375326402675604e-04
4.637888389863877270e-05 -8.650679658355808278e-05 3.740825421829467329e-04
4.642432943979011922e-05 -8.621857772714885590e-05 3.750388576870512195e-04
4.651622570233532056e-05 -8.589556868249724161e-05 3.759805390908495856e-04
4.661311271196620052e-05 -8.556502798784718609e-05 3.769193437790966349e-04
4.670949824521312965e-05 -8.523053238936331656e-05 3.778567983034311541e-04
4.680538875684471235e-05 -8.489199277710032603e-05 3.787928508251830681e-04
4.690065027075450812e-05 -8.454799390445479317e-05 3.797269744332924541e-04
4.699545258185314504e-05 -8.419976727580648693e-05 3.806595778261421745e-04
4.708982737063540530e-05 -8.384743662748432959e-05 3.815906819235048708e-04
4.718378805666259524e-05 -8.349097740199888347e-05 3.825202552191278582e-04
4.727726738973605960e-05 -8.312944383194951473e-05 3.834479148653385187e-04
4.737030899311089205e-05 -8.276296732141031438e-05 3.843736771478917149e-04
4.746298999016319842e-05 -8.239218326382951999e-05 3.852977591820531001e-04
4.755532972911745800e-05 -8.201714992749180582e-05 3.862201590668433004e-04
4.764732370769771803e-05 -8.163762483115456737e-05 3.871407543870443793e-04
4.773891388398608112e-05 -8.125253007800445381e-05 3.880590734981379745e-04
4.783020831982762329e-05 -8.086311352641778732e-05 3.889755986171534140e-04
4.792123029401299639e-05 -8.046954266460662876e-05 3.898903746612817581e-04
4.801199214530278144e-05 -8.007184323177800854e-05 3.908033892815337713e-04
4.810244632676469894e-05 -7.966891858889957670e-05 3.917141399753269401e-04
4.819265183664142121e-05 -7.926141136523554823e-05 3.926228746591673823e-04
4.828265049676197496e-05 -7.884983039543598353e-05 3.935297923268047445e-04
4.837245710487939640e-05 -7.843424381810694109e-05 3.944349005489326647e-04
4.846206450835774621e-05 -7.801417519311597086e-05 3.953379568624594380e-04
4.855147512428907716e-05 -7.758912048557312980e-05 3.962386963155047504e-04
4.864074467688862975e-05 -7.716005006035915104e-05 3.971375444103892628e-04
4.872989004119884408e-05 -7.672709398807943046e-05 3.980345396933015686e-04
4.881892336136895208e-05 -7.629027661034911735e-05 3.989296721158385860e-04
4.890783241661435493e-05 -7.584823883356793615e-05 3.998222496698494461e-04
4.899666684696852361e-05 -7.540219406507453752e-05 4.007128398649524408e-04
4.908544454548592785e-05 -7.495237335543165056e-05 4.016015345871364051e-04
4.917417772691880793e-05 -7.449880725223550679e-05 4.024883280720264675e-04
4.926287775352435473e-05 -7.404068105549524610e-05 4.033727772377532564e-04
4.935157048876649276e-05 -7.357820422743789135e-05 4.042549601699751537e-04
4.944027358440538218e-05 -7.311200999228366674e-05 4.051351835604138744e-04
4.952899944109014763e-05 -7.264218272340938775e-05 4.060134708667579011e-04
4.961776576933256394e-05 -7.216840511519591035e-05 4.068896292663969246e-04
4.970660771936676780e-05 -7.168997158596548741e-05 4.077632458592043117e-04
4.979552875517867289e-05 -7.120788051023287937e-05 4.086348419939744934e-04
4.988453960055931570e-05 -7.072226506718875714e-05 4.095044702476465827e-04
4.997365209988553460e-05 -7.023314705734923853e-05 4.103721229051584835e-04
5.006293018222616217e-05 -6.973932004911556420e-05 4.112370862674916919e-04
5.015236082798149071e-05 -6.924180604222967606e-05 4.120999191022053400e-04
5.024194857104617614e-05 -6.874086042450151368e-05 4.129607478684039004e-04
5.033170475846193969e-05 -6.823651627296064995e-05 4.138195723286666131e-04
5.042169037285499061e-05 -6.772800928860842886e-05 4.146759140332566176e-04
5.051192019391209426e-05 -6.721555063634623817e-05 4.155298712255508890e-04
5.060237650733086104e-05 -6.669971761745597063e-05 4.163817706560617084e-04
5.069306794278653956e-05 -6.618058627177360732e-05 4.172316391199296180e-04
5.078403802474208744e-05 -6.565779834373218515e-05 4.180792331140215957e-04
5.087535717482059351e-05 -6.513082252869913113e-05 4.189241917621482503e-04
5.096697372723005856e-05 -6.460052960363876025e-05 4.197670408304043053e-04
5.105889204588478928e-05 -6.406703474229387559e-05 4.206078339050332762e-04
5.115112421966437921e-05 -6.353035327554043662e-05 4.214465620925077552e-04
5.124382311012049880e-05 -6.298927293884957069e-05 4.222824068301175068e-04
5.133689185688932935e-05 -6.244493241062676326e-05 4.231160916432748567e-04
5.143032907461217841e-05 -6.189748256412402991e-05 4.239476966750438652e-04
5.152414645645382010e-05 -6.134694166121850215e-05 4.247772156904206994e-04
5.161847636244566397e-05 -6.079245910329157400e-05 4.256040463102653010e-04
5.171328518310764282e-05 -6.023450436202549169e-05 4.264284832607996133e-04
5.180853405410417199e-05 -5.967349315167833014e-05 4.272507927436824428e-04
5.190422999832050875e-05 -5.910947899294329705e-05 4.280709934095022415e-04
5.200047044335467900e-05 -5.854195844026428825e-05 4.288887076151967886e-04
5.209731147852208528e-05 -5.797076985847911951e-05 4.297037926476827627e-04
5.219466589700386041e-05 -5.739657636052226708e-05 4.305167027199841272e-04
5.229253461825414666e-05 -5.681946445080138545e-05 4.313274816071053369e-04
5.239096680092436385e-05 -5.623925576254161301e-05 4.321359787670822974e-04
5.249013368570650093e-05 -5.565519945152836069e-05 4.329416102151505998e-04
5.258988912914615732e-05 -5.506818864834733200e-05 4.337450192246276696e-04
5.269022655800832119e-05 -5.447834052590930530e-05 4.345462747801711201e-04
5.279115789886706006e-05 -5.388567087459232569e-05 4.353453707853969200e-04
5.289292419254143301e-05 -5.328919928938555576e-05 4.361415259793760719e-04
5.299537559839020924e-05 -5.268973441757954283e-05 4.369353423102615742e-04
5.309847987121979262e-05 -5.208749820619022183e-05 4.377269735053603526e-04
5.320224648832020932e-05 -5.148251755243474622e-05 4.385164225510164351e-04
5.330686415310825017e-05 -5.087412989618040162e-05 4.393031358503262599e-04
5.341230619609256569e-05 -5.026256829232679237e-05 4.400872741695681552e-04
5.351847817658944150e-05 -4.964827932681097229e-05 4.408691792086405319e-04
5.362538172098719200e-05 -4.903131991109106540e-05 4.416488789117326702e-04
5.373313817500818048e-05 -4.841133221684915827e-05 4.424260547994649830e-04
5.384187250703642981e-05 -4.778799868013332974e-05 4.432004128399594147e-04
5.395141633451133940e-05 -4.716198020223469171e-05 4.439724879286299514e-04
5.406176195547933238e-05 -4.653336333614298156e-05 4.447423344131550774e-04
5.417294733037883095e-05 -4.590208609229704391e-05 4.455098796658323295e-04
5.428528367321059918e-05 -4.526736394814948240e-05 4.462744097966802898e-04
5.439852031062013352e-05 -4.463012900662063058e-05 4.470367142847288516e-04
5.451264178342528181e-05 -4.399054603740932959e-05 4.477969175412251611e-04
5.462766421008088827e-05 -4.334867832500438736e-05 4.485550565743589169e-04
5.474390262921600058e-05 -4.270394209761034661e-05 4.493105711835059489e-04
5.486120673835065691e-05 -4.205688008820138401e-05 4.500639300506511890e-04
5.497949471992825515e-05 -4.140779343838472861e-05 4.508153911214286737e-04
5.509877483044625722e-05 -4.075676318129732735e-05 4.515650117969272764e-04
5.521926869185697970e-05 -4.010350791600362038e-05 4.523124994619983057e-04
5.534103447710814373e-05 -3.944811029262812468e-05 4.530579028038852346e-04
5.546388960939829360e-05 -3.879100384815323640e-05 4.538016212751706194e-04
5.558782951384557411e-05 -3.813228792004021985e-05 4.545437342580557934e-04
5.571296071067446357e-05 -3.747190968794846471e-05 4.552841680238817277e-04
5.583959135231511637e-05 -3.680962872318594662e-05 4.560226446576115186e-04
5.596742061225127435e-05 -3.614595580055679773e-05 4.567596639861188496e-04
5.609642874942302905e-05 -3.548100125933412998e-05 4.574953214727013606e-04
5.622663288538967100e-05 -3.481482426381785392e-05 4.582296611025404344e-04
5.635849469217325028e-05 -3.414712407683825098e-05 4.589623194175801012e-04
5.649170616619627661e-05 -3.347831636322291820e-05 4.596937225713037395e-04
5.662619717450306659e-05 -3.280854517158718342e-05 4.604240090861954141e-04
5.676198007566384885e-05 -3.213787345439421492e-05 4.611532293133846407e-04
5.689938722673752372e-05 -3.146619363398302710e-05 4.618812162842744849e-04
5.703838815909285855e-05 -3.079366198430516288e-05 4.626081134869364144e-04
5.717878269332218281e-05 -3.012047707198223996e-05 4.633341377205330361e-04
5.732056645917249667e-05 -2.944671032021323103e-05 4.640593518099994912e-04
5.746391794329365791e-05 -2.877237429793195165e-05 4.647837280754834460e-04
5.760913069718774936e-05 -2.809750394662981351e-05 4.655072354117113786e-04
5.775585510749241529e-05 -2.742229627773653915e-05 4.662301229027593537e-04
5.790406746461329574e-05 -2.674682398363112398e-05 4.669524594263830836e-04
5.805378593685232982e-05 -2.607114487150338571e-05 4.676742917438898514e-04
5.820562047116032719e-05 -2.539531600868422668e-05 4.683955414778999838e-04
5.835910418101500585e-05 -2.471947248565565375e-05 4.691164284687987431e-04
5.851417786653779856e-05 -2.404368185317104221e-05 4.698370247129093121e-04
5.867085790589949076e-05 -2.336800249599833588e-05 4.705573777802449405e-04
5.882980440807240131e-05 -2.270563915536969322e-05 4.712894822353286620e-04
5.899052494837777233e-05 -2.203351579690679383e-05 4.720122510391928580e-04
5.915314139637466487e-05 -2.136595662070204192e-05 4.727388283696529279e-04
5.931741825918121768e-05 -2.070045479735700287e-05 4.734669216973526329e-04
5.948370458988703813e-05 -2.003874701662527842e-05 4.741980093976316552e-04
5.965232905269567885e-05 -1.938078103267990723e-05 4.749319333883074510e-04
5.982285323901843119e-05 -1.872585289011781523e-05 4.756681326337954940e-04
5.999523722498975104e-05 -1.807326487537023470e-05 4.764059753222492366e-04
6.016948407514100092e-05 -1.742225926422110151e-05 4.771447779155521627e-04
6.034631200855287931e-05 -1.677244129179324941e-05 4.778840126048445030e-04
6.052511604216936387e-05 -1.612275455395154985e-05 4.786228874360865838e-04
6.070581473846019195e-05 -1.547241756760106153e-05 4.793607285245742901e-04
6.088840594689200430e-05 -1.482076883758543103e-05 4.800969444678933849e-04
6.107336345930040628e-05 -1.416758884223975571e-05 4.808312100544479342e-04
6.126058217899067748e-05 -1.351245135595673859e-05 4.815631548959924731e-04
6.146783714927875808e-05 -1.291291987038347377e-05 4.823360081515622004e-04
6.166227594785958098e-05 -1.226313375734995072e-05 4.830706591298918832e-04
6.186252828687389374e-05 -1.162222506769598480e-05 4.838116861147095417e-04
6.207614271126375228e-05 -1.100921457910515663e-05 4.845722901462899777e-04
6.229039588172174719e-05 -1.039397944518630893e-05 4.853309601254433055e-04
6.251079788393757277e-05 -9.790496632792266516e-06 4.860972623248977029e-04
6.273682791474083690e-05 -9.197698053448097024e-06 4.868702381982069598e-04
6.296820464964979019e-05 -8.613963717455095151e-06 4.876485137109084784e-04
6.320332808397194791e-05 -8.036117284527176827e-06 4.884300556892127738e-04
6.344093101178914940e-05 -7.461145438221719655e-06 4.892129678940684324e-04
6.367990956643348110e-05 -6.886171749713091771e-06 4.899954603286736307e-04
6.391959921416066719e-05 -6.308907943290182874e-06 4.907760465623443175e-04
6.415916275143696804e-05 -5.727058415578193378e-06 4.915532587080051474e-04
6.439726087589509160e-05 -5.137943978566839153e-06 4.923254304361802426e-04
6.463314875135780526e-05 -4.539864764027874179e-06 4.930913622886797139e-04
6.488643740701231842e-05 -3.962535029764837378e-06 4.938675611223658501e-04
6.512101164909443805e-05 -3.334677214901061108e-06 4.946095136434001862e-04
6.535656662518622684e-05 -2.711611802563208980e-06 4.953553661495885708e-04
6.559408498047871795e-05 -2.083375880387756855e-06 4.960962440609718600e-04
6.583337030898230838e-05 -1.449679543915173232e-06 4.968318850168517830e-04
6.607486546896708672e-05 -8.122938101741123140e-07 4.975636071378678870e-04
6.631816296398712390e-05 -1.721995196205369416e-07 4.982923624048888733e-04
6.656256422603662394e-05 4.720577658209116146e-07 4.990170675755781996e-04
6.680813829835284654e-05 1.115021011278380345e-06 4.997425268018493901e-04
6.705484460011450914e-05 1.756467180705310987e-06 5.004689443165689575e-04
6.730296978180187381e-05 2.394187617782325730e-06 5.011981519991487357e-04
6.755192681751485593e-05 3.027190175606891950e-06 5.019311759211753619e-04
6.780164532666943143e-05 3.653825622171932491e-06 5.026693905254371510e-04
6.805215531385122195e-05 4.272439793461106728e-06 5.034140708279177378e-04
6.830392248317301959e-05 4.880627821718169940e-06 5.041668652805541412e-04
6.855665736363039328e-05 5.477725615484116113e-06 5.049281647176240631e-04
6.879167039360377476e-05 6.123821424508358182e-06 5.056539054188896078e-04
6.903759656955350561e-05 6.726788545985499085e-06 5.064124024649011707e-04
6.928307197712096671e-05 7.323810431292518079e-06 5.071761467575885279e-04
6.952622915184563594e-05 7.921461520134035820e-06 5.079401409946011046e-04
6.976762568851288028e-05 8.518881230701246476e-06 5.087048743036841521e-04
7.000816031067038953e-05 9.114504468471242807e-06 5.094712784451359278e-04
7.024885958489142086e-05 9.706537368077473204e-06 5.102404070869035954e-04
7.048446923202566952e-05 1.030892841087331132e-05 5.110030298893283168e-04
7.072636984710625578e-05 1.089347022301272249e-05 5.117774602287938120e-04
7.097073873928386330e-05 1.147109854915038296e-05 5.125563222119766671e-04
7.121796877974364767e-05 1.204161106827199240e-05 5.133395129325024880e-04
7.146886379647156675e-05 1.260277267451211489e-05 5.141282724680626328e-04
7.172396727225479642e-05 1.315364899979311688e-05 5.149229103104640669e-04
7.198368321083755956e-05 1.369374412450355965e-05 5.157234331102191795e-04
7.224820704922302566e-05 1.422248931869529397e-05 5.165299362429169074e-04
7.249530962300922772e-05 1.477586675991724909e-05 5.173253369818878265e-04
7.276085034099915390e-05 1.529401433516121793e-05 5.181383146259867407e-04
7.302655256143551971e-05 1.580791208452009272e-05 5.189539805839761630e-04
7.329156738941028999e-05 1.631887022874991950e-05 5.197717143028033563e-04
7.355581274341485543e-05 1.682689745164862136e-05 5.205915205296878651e-04
7.381883000148062117e-05 1.733095929953254615e-05 5.214141642244656157e-04
7.408074705623281546e-05 1.783195509030777794e-05 5.222390291396460712e-04
7.434153079676134707e-05 1.833005876736207280e-05 5.230660019706083377e-04
7.460110156105371516e-05 1.882528451701177762e-05 5.238950821630061327e-04
7.485907530402923003e-05 1.931705105222138475e-05 5.247267157705160900e-04
7.511536742688090091e-05 1.980547648503902077e-05 5.255608346001591682e-04
7.537022403464232394e-05 2.029121214279849543e-05 5.263969616899322711e-04
7.562363549417136900e-05 2.077435781179313884e-05 5.272350263920728020e-04
7.587549499260926673e-05 2.125485442673176283e-05 5.280750795538776202e-04
7.612533127734064965e-05 2.173215706544134616e-05 5.289175540567909572e-04
7.637361917937095159e-05 2.220719223306130301e-05 5.297617663166317992e-04
7.662035977315047504e-05 2.268007332065128079e-05 5.306076399511016565e-04
7.686553453809829065e-05 2.315088025847695312e-05 5.314551243621871198e-04
7.710861301974260111e-05 2.361912548710946839e-05 5.323046293409848615e-04
7.733417389773555525e-05 2.409672769550366889e-05 5.331537484010672161e-04
7.757243754860060456e-05 2.456225251576281255e-05 5.340061004153555651e-04
7.780807715305834032e-05 2.502684993466584065e-05 5.348596944559416960e-04
7.804019691269619601e-05 2.549079311022142347e-05 5.357146076861534194e-04
7.826869085243217674e-05 2.595408582804796925e-05 5.365708493803814528e-04
7.849403218653731428e-05 2.641710629923535908e-05 5.374280733588406543e-04
7.871633327454773967e-05 2.687986399364624470e-05 5.382862325464610534e-04
7.893567695544633216e-05 2.734231995174614115e-05 5.391453149086529624e-04
7.915152244148220798e-05 2.780415004190266951e-05 5.400056190457765311e-04
7.936469274541971112e-05 2.826572625749215845e-05 5.408667262172964577e-04
7.957403780830891364e-05 2.872805597206538186e-05 5.417283672979459654e-04
7.978221431755280258e-05 2.918915416284060602e-05 5.425909511351187115e-04
7.998744800729973390e-05 2.964994877023326288e-05 5.434544018532595083e-04
8.019016007218685894e-05 3.011055124145006060e-05 5.443185505470259523e-04
8.039083149613185700e-05 3.057093888084801999e-05 5.451832898482997410e-04
8.058970924595121863e-05 3.103101164291259453e-05 5.460486109338318853e-04
8.078676420064010127e-05 3.149067067832968432e-05 5.469145686670705882e-04
8.098192623406136217e-05 3.194989832292798910e-05 5.477811837046398305e-04
8.117596512631612704e-05 3.240862930840517656e-05 5.486483138793327857e-04
8.136911452371810456e-05 3.286677921756390671e-05 5.495159497074929723e-04
8.156156927698027899e-05 3.332427795374616865e-05 5.503840833612121466e-04
8.175265369987664503e-05 3.378132043094387785e-05 5.512527598526576963e-04
8.191846875006749968e-05 3.427426002393739034e-05 5.521068386355877482e-04
8.210682719991303519e-05 3.473299203727223382e-05 5.529751859573771387e-04
8.229322549692060819e-05 3.519372504413420777e-05 5.538429303132419435e-04
8.247116093652668222e-05 3.566393349947054764e-05 5.547073596748866488e-04
8.265065324337547909e-05 3.613209912157664788e-05 5.555725782583683259e-04
8.282656871696938809e-05 3.660441691736510339e-05 5.564362730663989162e-04
8.299895557042451233e-05 3.708074734377370959e-05 5.572984744991024610e-04
8.316789633743190138e-05 3.756075152375710433e-05 5.581593196207950205e-04
8.333324457334979592e-05 3.804413729854563754e-05 5.590189692712740216e-04
8.349599218540052945e-05 3.853008422429814135e-05 5.598776708866358160e-04
8.365651931853329895e-05 3.901799938313742580e-05 5.607356741621667695e-04
8.381520353648228808e-05 3.950726995035915804e-05 5.615932483616738798e-04
8.397182442203874697e-05 3.999753261243417431e-05 5.624506352642187623e-04
8.412726016981704870e-05 4.048795553505286362e-05 5.633081462287545770e-04
8.428200346280955140e-05 4.097788344492540039e-05 5.641660653023508262e-04
8.443637701965933716e-05 4.146675855113244891e-05 5.650246512903243142e-04
8.459037191357925362e-05 4.195420512065088436e-05 5.658841170267481062e-04
8.474416891134489954e-05 4.243981149206136456e-05 5.667446592055149293e-04
8.489832103761431141e-05 4.292304887391259609e-05 5.676064704424172401e-04
8.505451828144526994e-05 4.340248738601787208e-05 5.684700332433765407e-04
8.521019677494358097e-05 4.387985114279962346e-05 5.693348383882254962e-04
8.536617256709960288e-05 4.435431403632824851e-05 5.702011849221561447e-04
8.552293327747946658e-05 4.482562393416203878e-05 5.710691093612288438e-04
8.568031938123466809e-05 4.529390287224117185e-05 5.719385599060045067e-04
8.583810320967721463e-05 4.575936995060513708e-05 5.728094470952883877e-04
8.599569117949725503e-05 4.622248587285746291e-05 5.736816222833892448e-04
8.615296841831218710e-05 4.668352954677131472e-05 5.745549506927635688e-04
8.632682281906482237e-05 4.713106279353537916e-05 5.754321513440996492e-04
8.648549373883219094e-05 4.758726533299374592e-05 5.763077640790750453e-04
8.664423341286205604e-05 4.804182567705801878e-05 5.771842208918240465e-04
8.680277209072120479e-05 4.849517823569966639e-05 5.780613394215166571e-04
8.696104712455620669e-05 4.894769139978682630e-05 5.789389388940185000e-04
8.711870967395423401e-05 4.939988273352396465e-05 5.798168144599039585e-04
8.727543411156353037e-05 4.985224786812945350e-05 5.806947684565224622e-04
8.743665484222223048e-05 5.029841360229017849e-05 5.815750768549494618e-04
8.759250308779426724e-05 5.075020358488864617e-05 5.824534821889414734e-04
8.774787954723988924e-05 5.120205182191117134e-05 5.833319418202115303e-04
8.790258985796039484e-05 5.165431844546226415e-05 5.842103037098271903e-04
8.805622223438214040e-05 5.210755967125319058e-05 5.850883523655454801e-04
8.820853142965368033e-05 5.256222423868479280e-05 5.859658955052308733e-04
8.835936646112378787e-05 5.301867614483437587e-05 5.868427651286216643e-04
8.850846862853585235e-05 5.347733470465467441e-05 5.877187792256357169e-04
8.865557521510479316e-05 5.393860657486577954e-05 5.885937578973389570e-04
8.880038397481191065e-05 5.440292887310421184e-05 5.894675055167497568e-04
8.894286538790531396e-05 5.487047975089554642e-05 5.903399130301352753e-04
8.908287060283321822e-05 5.534150542134838672e-05 5.912108510005978975e-04
8.922028437437841842e-05 5.581619842024215312e-05 5.920802091306813422e-04
8.935498504848193629e-05 5.629477179172265376e-05 5.929478627199045483e-04
8.948701397407378909e-05 5.677722899033876434e-05 5.938137743277613085e-04
8.964273882140059058e-05 5.722513345400853381e-05 5.946941666013425259e-04
8.977380598167615728e-05 5.770916725577286335e-05 5.955593170336157850e-04
8.990431055120023246e-05 5.819422859298207336e-05 5.964240042920000446e-04
9.003485802323305594e-05 5.867953462220525552e-05 5.972885477633564470e-04
9.016549000858834005e-05 5.916502193612075317e-05 5.981529766796687964e-04
9.029624128444160890e-05 5.965067877768443654e-05 5.990172923251171032e-04
9.042715019662207353e-05 6.013649694668043582e-05 5.998814934371722238e-04
9.055835951751369645e-05 6.062251122118072734e-05 6.007455387114074823e-04
9.068984414945674161e-05 6.110864894962445058e-05 6.016094726778995535e-04
9.082163726559045272e-05 6.159489816358055788e-05 6.024732968926689407e-04
9.095377330973190453e-05 6.208124823079410541e-05 6.033370119354378950e-04
9.108641681984693656e-05 6.256770744577238609e-05 6.042005877140625789e-04
9.121957639306781866e-05 6.305424237367177466e-05 6.050640414106496414e-04
9.135323409675054720e-05 6.354083080462490302e-05 6.059273879875080350e-04
9.148742308840865443e-05 6.402746181543946175e-05 6.067906281440108279e-04
9.162226668148093262e-05 6.451412618689192173e-05 6.076537474786608811e-04
9.175792089616205676e-05 6.500080432680521334e-05 6.085167320140391460e-04
9.189426331092640551e-05 6.548747727806454155e-05 6.093796110175219057e-04
9.203132458064826132e-05 6.597413407725738260e-05 6.102423852390689331e-04
9.216913867914530690e-05 6.646076390890639791e-05 6.111050547409060604e-04
9.230810188613705755e-05 6.694732913031045684e-05 6.119675763259075068e-04
9.244794592644732360e-05 6.743382934796777280e-05 6.128299922155491537e-04
9.258869549939254971e-05 6.792025399463336361e-05 6.136923034144594561e-04
9.273038331422454688e-05 6.840659234437637074e-05 6.145545096278234604e-04
9.287332426970557303e-05 6.889280180293023362e-05 6.154165816738951713e-04
9.301739253200590326e-05 6.937889175280122591e-05 6.162785334533431823e-04
9.316241996693293390e-05 6.986488095175834019e-05 6.171403811908169387e-04
9.330838423251592998e-05 7.035077255746682715e-05 6.180021257947477566e-04
9.345538604519119464e-05 7.083655737415846222e-05 6.188637542276678293e-04
9.360352043029226347e-05 7.132222796228739916e-05 6.197252530709337903e-04
9.375251126441961421e-05 7.180781381052950274e-05 6.205866519914426168e-04
9.390233391196622947e-05 7.229331843786642852e-05 6.214479524133081738e-04
9.405296928507357753e-05 7.277874481319702559e-05 6.223091551796431503e-04
9.420471304401667532e-05 7.326406760483120638e-05 6.231702217238965519e-04
9.435721058171443786e-05 7.374932229004880330e-05 6.240311934887416735e-04
9.451043556968572183e-05 7.423451262561225493e-05 6.248920723596121645e-04
9.466436907456564158e-05 7.471964167390202929e-05 6.257528593670185543e-04
9.481917836477989710e-05 7.520469790280845434e-05 6.266135303391838496e-04
9.497472638003439814e-05 7.568969590392637600e-05 6.274741009304576119e-04
9.513090002443570878e-05 7.617464669658248076e-05 6.283345848137388088e-04
9.528767855972690567e-05 7.665955358508658374e-05 6.291949834380543196e-04
9.544512835575636735e-05 7.714441444263657325e-05 6.300552854205557045e-04
9.560327534175953716e-05 7.762923181674333045e-05 6.309154840222813612e-04
9.576194608158195248e-05 7.811401958883743338e-05 6.317756028551750700e-04
9.592111860040849797e-05 7.859878119513331624e-05 6.326356437199335755e-04
9.608078513828578141e-05 7.908351944609208495e-05 6.334956061723909064e-04
9.624108149908394596e-05 7.956823380566643161e-05 6.343554649154122330e-04
9.640179962465860234e-05 8.005293657464903777e-05 6.352152514622940848e-04
9.656291685418923773e-05 8.053763121077630639e-05 6.360749678950318453e-04
9.672441464174528667e-05 8.102232098659136264e-05 6.369346156617329904e-04
9.688637600653395346e-05 8.150701119088592283e-05 6.377941759665454926e-04
9.704869256698337311e-05 8.199170819906079102e-05 6.386536654323523264e-04
9.721130669848173050e-05 8.247641534417592373e-05 6.395130929312386331e-04
9.737419913964335345e-05 8.296113593906693606e-05 6.403724601378795681e-04
9.753739332288776666e-05 8.344587784382111065e-05 6.412317580736170367e-04
9.770086169232203212e-05 8.393064920970299582e-05 6.420909872708491662e-04
9.786452604749326851e-05 8.441544924959075902e-05 6.429501629800775560e-04
9.802836670249518260e-05 8.490028121722771723e-05 6.438092870701950503e-04
9.819237278355756062e-05 8.538515101521012619e-05 6.446683582452073045e-04
9.835654743291463741e-05 8.587007755503429690e-05 6.455273651920661639e-04
9.852081611222594727e-05 8.635505152670641346e-05 6.463863273842135847e-04
9.868515922482598622e-05 8.684007601647288999e-05 6.472452468131867104e-04
9.884955837854303038e-05 8.732515438909143127e-05 6.481041250877500950e-04
9.901399262062024335e-05 8.781031346711626545e-05 6.489629510589619427e-04
9.917842010291644825e-05 8.829554272189961471e-05 6.498217386771993481e-04
9.934282023373471840e-05 8.878084122729939501e-05 6.506804924006300873e-04
9.950717458016320003e-05 8.926621226931018391e-05 6.515392138922767445e-04
9.967144068184706734e-05 8.975167836292806097e-05 6.523978985371896213e-04
9.983558189735263161e-05 9.023724433338095770e-05 6.532565505907963251e-04
9.999959355141928015e-05 9.072289844130180018e-05 6.541151775553615075e-04
1.001634575175378217e-04 9.120864373111482531e-05 6.549737811387488368e-04
1.003271349855977356e-04 9.169449375037831771e-05 6.558323610385140452e-04
1.004905446964011784e-04 9.218047781982046870e-05 6.566909160739089254e-04
1.006537219502154438e-04 9.266656895871462477e-05 6.575494547085647488e-04
1.008166494365110572e-04 9.315276986074675844e-05 6.584079786252662863e-04
1.009793086579288430e-04 9.363908387174773847e-05 6.592664893466070042e-04
1.011415494985894522e-04 9.412556367536106404e-05 6.601249853023967440e-04
1.013034458179296943e-04 9.461217278681729233e-05 6.609834730144229561e-04
1.014649898324233450e-04 9.509891019555848015e-05 6.618419543615971633e-04
1.016261631466999180e-04 9.558577914406817964e-05 6.627004307949283836e-04
1.017868333639743633e-04 9.607282052171721887e-05 6.635589037251449218e-04
1.019470018557139111e-04 9.656002763163338794e-05 6.644173763692153532e-04
1.021067141595806085e-04 9.704738171026472252e-05 6.652758505839575457e-04
1.022659529411576625e-04 9.753488556845146048e-05 6.661343277203236185e-04
1.024246299648111044e-04 9.802256343395784649e-05 6.669928100407989096e-04
1.025826218174225458e-04 9.851044784456052569e-05 6.678513013720825762e-04
1.027400525877165120e-04 9.899849775622741985e-05 6.687098017095214394e-04
1.028969065412487920e-04 9.948671543528031633e-05 6.695683122381465222e-04
1.030531648288454552e-04 9.997510409052138983e-05 6.704268341430237588e-04
1.032085312834091581e-04 1.004637433680881039e-04 6.712853752914166305e-04
1.033632288388400413e-04 1.009525669867087413e-04 6.721439322939250487e-04
1.035172456916406215e-04 1.014415760562704813e-04 6.730025060698962940e-04
1.036705628815901763e-04 1.019307737037809152e-04 6.738610976434774961e-04
1.038229466298091770e-04 1.024202191973259653e-04 6.747197141369813776e-04
1.039744591345408701e-04 1.029098922937196116e-04 6.755783550416131090e-04
1.041251843591601639e-04 1.033997686900027405e-04 6.764370185435816026e-04
1.042751052864488440e-04 1.038898508692347509e-04 6.772957054242887114e-04
1.044240794947108103e-04 1.043801726517146346e-04 6.781544202869389717e-04
1.045719512193327513e-04 1.048707695740910210e-04 6.790131685540925707e-04
1.047189277926126983e-04 1.053615872950422385e-04 6.798719443307382499e-04
1.048649947394670847e-04 1.058526275359511026e-04 6.807307480981698335e-04
1.050101309674316417e-04 1.063438936374720402e-04 6.815895804881705756e-04
1.051539035575613869e-04 1.068354865522011874e-04 6.824484552216993072e-04
1.052966717625036585e-04 1.073273173383218232e-04 6.833073613260569334e-04
1.054384242726967574e-04 1.078193868382045276e-04 6.841662989320162341e-04
1.055791415008704149e-04 1.083116978648276935e-04 6.850252683678562798e-04
1.057185015133071129e-04 1.088043223817491685e-04 6.858842793295526468e-04
1.058566019952367112e-04 1.092972346425671431e-04 6.867433286448566300e-04
1.059935767395704757e-04 1.097904019270831726e-04 6.876024118316768820e-04
1.061294091656301560e-04 1.102838261715704475e-04 6.884615288429291047e-04
1.062639257258473735e-04 1.107775440335754727e-04 6.893206842017044009e-04
1.063968937099026214e-04 1.112716038642653534e-04 6.901798840313931940e-04
1.065286244106323918e-04 1.117659344315539825e-04 6.910391187376246133e-04
1.066591049723737938e-04 1.122605366663951063e-04 6.918983878566580675e-04
1.067883153629004071e-04 1.127554130552195722e-04 6.927576910629447242e-04
1.069157108607090710e-04 1.132506773338055948e-04 6.936170417541161117e-04
1.070417288841579392e-04 1.137462331527921896e-04 6.944764274930017960e-04
1.071663875702659165e-04 1.142420746598479602e-04 6.953358466995349704e-04
1.072896672959135488e-04 1.147382040316736210e-04 6.961952986849321862e-04
1.074112040397572906e-04 1.152346941829413424e-04 6.970547905606799734e-04
1.075310412554474608e-04 1.157315327416822510e-04 6.979143197498587515e-04
1.076494051899591257e-04 1.162286709165751708e-04 6.987738798514956697e-04
1.077662806407271806e-04 1.167261097353804574e-04 6.996334696976183251e-04
1.078815201663340978e-04 1.172238765466201445e-04 7.004930905422062769e-04
1.079947024525259935e-04 1.177220518588555705e-04 7.013527480542428201e-04
1.081062960639555219e-04 1.182205397976740920e-04 7.022124320589962377e-04
1.082162909937515105e-04 1.187193401276427792e-04 7.030721409005114258e-04
1.083246666333003615e-04 1.192184546786442725e-04 7.039318730275698124e-04
1.084308413462840002e-04 1.197179923904333041e-04 7.047916339835281867e-04
1.085351893172706853e-04 1.202178779445254605e-04 7.056514164350720375e-04
1.086378251300603847e-04 1.207180870158504630e-04 7.065112168265822411e-04
1.087387307319537076e-04 1.212186206642265200e-04 7.073710331227905761e-04
1.088375803609818216e-04 1.217195367865454885e-04 7.082308654899464352e-04
1.089342061078471633e-04 1.222208625331522476e-04 7.090907119043788742e-04
1.090290022463434675e-04 1.227225222927139287e-04 7.099505671875480043e-04
1.091219568108989447e-04 1.232245157154757608e-04 7.108104287933286226e-04
1.092130384736246897e-04 1.237268459088245961e-04 7.116702941512788230e-04
1.093014611249316714e-04 1.242296493370289223e-04 7.125301604181911649e-04
1.093879355705406774e-04 1.247327959859065663e-04 7.133900240943523256e-04
1.094724567884131636e-04 1.252362840018675198e-04 7.142498821648792569e-04
1.095550038711427088e-04 1.257401143110779091e-04 7.151097315219812414e-04
1.096350577906343959e-04 1.262443727693409953e-04 7.159695656023955419e-04
1.097127345377207778e-04 1.267490351180750356e-04 7.168293807677992256e-04
1.097883394384812831e-04 1.272540462133002340e-04 7.176891758616374059e-04
1.098618584495915064e-04 1.277594054713757619e-04 7.185489472755709778e-04
1.099331100023558631e-04 1.282651398172598403e-04 7.194086890273455361e-04
1.100015071369944735e-04 1.287713410651391752e-04 7.202683877867096813e-04
1.100677128682691638e-04 1.292778969121795795e-04 7.211280492758825530e-04
1.101317211297106398e-04 1.297848051525181737e-04 7.219876694696174355e-04
1.101935111122739035e-04 1.302920659351521732e-04 7.228472440118855532e-04
1.102523584164505588e-04 1.307997891687900959e-04 7.237067519701263166e-04
1.103086877319905392e-04 1.313079034298685619e-04 7.245661975906721782e-04
1.103627038586432290e-04 1.318163732755276340e-04 7.254255814181851097e-04
1.104143907224261917e-04 1.323251977438005323e-04 7.262848985979980954e-04
1.104634033824672835e-04 1.328344250215117146e-04 7.271441338329842890e-04
1.105093807575663404e-04 1.333441037303883495e-04 7.280032691552465549e-04
1.105529257454089547e-04 1.338541399189424900e-04 7.288623190947664948e-04
1.105940313113675666e-04 1.343645309170911502e-04 7.297212784870697917e-04
1.106326771137505337e-04 1.348752759698926479e-04 7.305801416118676197e-04
1.106679168820840804e-04 1.353865048030251266e-04 7.314388633333213357e-04
1.107005172917594702e-04 1.358981034486562089e-04 7.322974691195472709e-04
1.107305673453569655e-04 1.364100553645243834e-04 7.331559573810623228e-04
1.107580490099904417e-04 1.369223590708453376e-04 7.340143218337025471e-04
1.107824321278768275e-04 1.374350817363284409e-04 7.348725296937670595e-04
1.108036413458255169e-04 1.379482239785234329e-04 7.357305710675636577e-04
1.108222698746861467e-04 1.384616876949105264e-04 7.365884800681647346e-04
1.108383756465689435e-04 1.389754478034982248e-04 7.374462626883577197e-04
1.108519566741165936e-04 1.394894843798780506e-04 7.383039233568946830e-04
1.108622473322763469e-04 1.400038382517151188e-04 7.391614395212094731e-04
1.108702237090533713e-04 1.405183841878648290e-04 7.400188651734817408e-04
1.108759578785826165e-04 1.410330956747470044e-04 7.408762093877585553e-04
1.108795019435451524e-04 1.415479485703753832e-04 7.417334805452843998e-04
1.108803861500852104e-04 1.420629368090799995e-04 7.425906772477756587e-04
1.108789324795538092e-04 1.425780043414391575e-04 7.434478255507663644e-04
1.108755107135979699e-04 1.430931115455149922e-04 7.443049444349598108e-04
1.108701794516713511e-04 1.436082349023053281e-04 7.451620438637767112e-04
1.108628323296687799e-04 1.441233471152608670e-04 7.460191350754082160e-04
1.108531629363153771e-04 1.446383958607624031e-04 7.468762413595125046e-04
1.108417998396802104e-04 1.451533617711765441e-04 7.477333766659796481e-04
1.108288071933016914e-04 1.456682225585760626e-04 7.485905519727673388e-04
1.108142366971143959e-04 1.461829560068726957e-04 7.494477783879683209e-04
1.107976737187237569e-04 1.466974743732504739e-04 7.503050977192863777e-04
1.107795835683408989e-04 1.472117782021409218e-04 7.511625149281926303e-04
1.107601404444112311e-04 1.477258586942508225e-04 7.520200364581294296e-04
1.107393981763761325e-04 1.482396945398463590e-04 7.528776741708900072e-04
1.107172161080761811e-04 1.487532125345911128e-04 7.537354662086480275e-04
1.106936086016273519e-04 1.492663471575208600e-04 7.545934495997157643e-04
1.106689221751378654e-04 1.497791419883051775e-04 7.554516057717429629e-04
1.106432142394562444e-04 1.502915773323652523e-04 7.563099466688844898e-04
1.106165306558960554e-04 1.508036297246025136e-04 7.571684863073790354e-04
1.105886083213033838e-04 1.513150979124996791e-04 7.580273347198010145e-04
1.105598819505423653e-04 1.518261110152072059e-04 7.588864274891160035e-04
1.105304107035543637e-04 1.523366515289349286e-04 7.597457759704188181e-04
1.105002454085947340e-04 1.528466987392529744e-04 7.606053932585408843e-04
1.104693010354718618e-04 1.533560894760502128e-04 7.614653720368284428e-04
1.104377366782509801e-04 1.538648326865646953e-04 7.623257115153031678e-04
1.104057012140318648e-04 1.543729894907467227e-04 7.631863800797295243e-04
1.103732473179253845e-04 1.548805410193290354e-04 7.640473900547531567e-04
1.103403995576340938e-04 1.553874028821800317e-04 7.649087912740700455e-04
1.103071927482705096e-04 1.558933901503667591e-04 7.657706927584723676e-04
1.102737896797412680e-04 1.563986767087751728e-04 7.666329976436510145e-04
1.102402432638877679e-04 1.569032461346986536e-04 7.674957167856878617e-04
1.102066040065902624e-04 1.574070777870772953e-04 7.683588633847445760e-04
1.101729490235406897e-04 1.579098701694800597e-04 7.692226151619057511e-04
1.101393734371442011e-04 1.584118002642938088e-04 7.700868713968727491e-04
1.101059293066206058e-04 1.589128997617648357e-04 7.709516145752764917e-04
1.100726671176065712e-04 1.594131488280353041e-04 7.718168570141393809e-04
1.100397014972304295e-04 1.599123526414506641e-04 7.726827142706209611e-04
1.100071466961311732e-04 1.604104374566013970e-04 7.735492312433251642e-04
1.099749993319563800e-04 1.609075748901223329e-04 7.744163073019210992e-04
1.099433087299347251e-04 1.614037478404944318e-04 7.752839524363460289e-04
1.099121447650309639e-04 1.618989018780820634e-04 7.761521985144711425e-04
1.098818037948658588e-04 1.623926448307064360e-04 7.770212769074226911e-04
1.098521481658923610e-04 1.628853210152742144e-04 7.778909841458872283e-04
1.098232243355764777e-04 1.633769166643313437e-04 7.787613272316762109e-04
1.097950828759095194e-04 1.638674099817056704e-04 7.796323176553583353e-04
1.097680440530276748e-04 1.643564451675825621e-04 7.805041624840817517e-04
1.097420738677365605e-04 1.648441543678061719e-04 7.813767822263525606e-04
1.097171131035390332e-04 1.653306614146729406e-04 7.822501022099650602e-04
1.096932101136795153e-04 1.658159469299970716e-04 7.831241311295905356e-04
1.096705685304129725e-04 1.662998254673293255e-04 7.839989733058115411e-04
1.096494787789069217e-04 1.667820485680927205e-04 7.848747677905900787e-04
1.096296784859296744e-04 1.672629434251019008e-04 7.857513224120041100e-04
1.096112115828890856e-04 1.677424944698817279e-04 7.866286420140531851e-04
1.095941287362110170e-04 1.682206784758842383e-04 7.875067354849293530e-04
1.095790697855766931e-04 1.686969257840264245e-04 7.883859178002608752e-04
1.095656269118243722e-04 1.691716717090289718e-04 7.892659379614222221e-04
1.095537939812412271e-04 1.696449471805773696e-04 7.901467729060829195e-04
1.095436205842609457e-04 1.701167291806716768e-04 7.910284293761954497e-04
1.095355573760285246e-04 1.705866490857062409e-04 7.919111015033620995e-04
1.095296641093617426e-04 1.710546971638218631e-04 7.927947847488040108e-04
1.095256618047027745e-04 1.715211402655655469e-04 7.936793268198045516e-04
1.095235938194919119e-04 1.719859598400974999e-04 7.945647297460730219e-04
1.095236397127272908e-04 1.724490258414124806e-04 7.954510534483980218e-04
1.095264587147200930e-04 1.729098250215111311e-04 7.963385532384528297e-04
1.095313072217666953e-04 1.733689648956927485e-04 7.972269039102366454e-04
1.095381269978885718e-04 1.738264881297991397e-04 7.981160753421591338e-04
1.095468728904294367e-04 1.742824263660849849e-04 7.990060437095319792e-04
1.095580634172090625e-04 1.747363437334455854e-04 7.998970170923339930e-04
1.095712138128104591e-04 1.751886329260428246e-04 8.007887913967527953e-04
1.095860937626897416e-04 1.756394796486520987e-04 8.016812686835054005e-04
1.096026543348083268e-04 1.760889197217857896e-04 8.025744255909493270e-04
1.096211019460383078e-04 1.765367736291600877e-04 8.034683419335386656e-04
1.096414870427340539e-04 1.769829900437103242e-04 8.043630347390037707e-04
1.096633612218846624e-04 1.774279417092723774e-04 8.052583220962195899e-04
1.096866708455788416e-04 1.778716693860960506e-04 8.061541805289445563e-04
1.097113852118895610e-04 1.783141944225992231e-04 8.070505960110171441e-04
1.097379417185210989e-04 1.787551322133911738e-04 8.079477406395081055e-04
1.097657459733915553e-04 1.791949876537126177e-04 8.088453786823249572e-04
1.097947413353318394e-04 1.796338050046701617e-04 8.097434869978378108e-04
1.098248830937164906e-04 1.800716184427413990e-04 8.106420474112948152e-04
1.098564042205707253e-04 1.805082152950518199e-04 8.115411522616180692e-04
1.098890746842552581e-04 1.809437893454875516e-04 8.124407120626161126e-04
1.099226962312152946e-04 1.813785107450380566e-04 8.133406492052222027e-04
1.099572213129047067e-04 1.818124168116317589e-04 8.142409455517004516e-04
1.099927067210952462e-04 1.822454489023470038e-04 8.151416252710804843e-04
1.100291882461747515e-04 1.826775623353798529e-04 8.160427063100023515e-04
1.100663808887444671e-04 1.831090110651208093e-04 8.169440767556873130e-04
1.101042354737848139e-04 1.835398344860622068e-04 8.178457186979663611e-04
1.101427080433558966e-04 1.839700673257242756e-04 8.187476164465768216e-04
1.101819436590341681e-04 1.843995538472791224e-04 8.196498369677401082e-04
1.102216567311365412e-04 1.848285593541142960e-04 8.205522654341876505e-04
1.102617915101164757e-04 1.852571302854653099e-04 8.214548817137847739e-04
1.103023041954213771e-04 1.856853015746072683e-04 8.223576707604423209e-04
1.103432140796241692e-04 1.861130318338187690e-04 8.232606509367527709e-04
1.103844005353277294e-04 1.865404278335201977e-04 8.241637768034622020e-04
1.104257702484500104e-04 1.869675794894843257e-04 8.250670098894109794e-04
1.104672787921267928e-04 1.873945227013794010e-04 8.259703351537453411e-04
1.105088839399837291e-04 1.878212789719242725e-04 8.268737443058945830e-04
1.105505023504052553e-04 1.882478986353314330e-04 8.277772173659529546e-04
1.105920650310290924e-04 1.886744652015204563e-04 8.286807180621646746e-04
1.106335282343650045e-04 1.891010143570574309e-04 8.295842315487631999e-04
1.106748487792709798e-04 1.895275807241105534e-04 8.304877434450008526e-04
1.107158624926557049e-04 1.899542559282994586e-04 8.313912179289859559e-04
1.107565785917870250e-04 1.903810706351149096e-04 8.322946399804478923e-04
1.107969573690229399e-04 1.908080584214997817e-04 8.331979953820488512e-04
1.108369557948905474e-04 1.912352537006257417e-04 8.341012696014612343e-04
1.108763870050783205e-04 1.916627791629099957e-04 8.350044125300919856e-04
1.109152196184378877e-04 1.920906717079264080e-04 8.359074075398121098e-04
1.109534760440602570e-04 1.925189276362587168e-04 8.368102548668263259e-04
1.109911146308856027e-04 1.929475803033715527e-04 8.377129398707142474e-04
1.110279866919884959e-04 1.933767344691650521e-04 8.386154182001164838e-04
1.110638994533022343e-04 1.938065296263569387e-04 8.395176301307189989e-04
1.110989959264873695e-04 1.942368781198001559e-04 8.404196103916354750e-04
1.111332370910761229e-04 1.946678111261027652e-04 8.413213444231873624e-04
1.111665729824374020e-04 1.950993671898722411e-04 8.422228143651028058e-04
1.111985293754019820e-04 1.955318830605403627e-04 8.431238741571983261e-04
1.112294280255190555e-04 1.959651413671995338e-04 8.440246141183543362e-04
1.112592338114748333e-04 1.963991699883513178e-04 8.449250199893502955e-04
1.112879036997398168e-04 1.968340021373807735e-04 8.458250749864551152e-04
1.113150157005728412e-04 1.972699420307487341e-04 8.467246422540165504e-04
1.113406813792395720e-04 1.977069155709781033e-04 8.476237503286560178e-04
1.113650133451201361e-04 1.981448449534651927e-04 8.485224303346767388e-04
1.113879718005820183e-04 1.985837604635592633e-04 8.494206652828882771e-04
1.114092677884138971e-04 1.990238722147154055e-04 8.503183556724780955e-04
1.114286633090179188e-04 1.994653553469110372e-04 8.512154155019169451e-04
1.114464829409965907e-04 1.999079776574880967e-04 8.521119465215690365e-04
1.114626916129996020e-04 2.003517652535786108e-04 8.530079318797845200e-04
1.114771930860730941e-04 2.007967884146072749e-04 8.539033334635150879e-04
1.114892817456338789e-04 2.012435601633809693e-04 8.547978996556056773e-04
1.114995515198918602e-04 2.016916512580165812e-04 8.556918285081939121e-04
1.115079734495740021e-04 2.021410824776591168e-04 8.565851036815811011e-04
1.115145048808202871e-04 2.025918843161435452e-04 8.574777037727858604e-04
1.115184458673639564e-04 2.030445643603546893e-04 8.583693679573810298e-04
