# first line: diameter, stdev on diameter, fiber length; other lines: x, y, z coordinates
1.499999999999999869e-05 3.620566056061013703e-06 1.027883065757610563e-03
3.913046871965651207e-05 -3.826251441900904536e-05 1.237669169258817300e-03
3.917859873837635948e-05 -3.818196393281326145e-05 1.238664757085416058e-03
3.921896317695554074e-05 -3.809938468496049021e-05 1.239660523755738934e-03
3.925086302269687057e-05 -3.801519563151629769e-05 1.240656462692846414e-03
3.927393053290337120e-05 -3.792975536657492856e-05 1.241652538757218299e-03
3.928823626346542356e-05 -3.784266555577093795e-05 1.242648636315931213e-03
3.929397387356397040e-05 -3.775431671546573440e-05 1.243644709206529354e-03
3.929153093456968598e-05 -3.766545764940874554e-05 1.244640750259313425e-03
3.928160474767786403e-05 -3.757621178038692239e-05 1.245636710293203213e-03
3.926506166070528684e-05 -3.748652183612307998e-05 1.246632542533627520e-03
3.924295597849593732e-05 -3.739550000490721220e-05 1.247628145985667757e-03
3.921609485384522234e-05 -3.730423633169936205e-05 1.248623610368224199e-03
3.924072215474622323e-05 -3.718438419830357128e-05 1.249616090384613257e-03
3.920972584610726906e-05 -3.709123150889169555e-05 1.250611256097093182e-03
3.921197924030987351e-05 -3.697693596933700763e-05 1.251604699103063111e-03
3.917598727575403924e-05 -3.685097024617066603e-05 1.252596077788885060e-03
3.910492544626975115e-05 -3.675265897348345656e-05 1.253588691357718828e-03
3.907381023330583261e-05 -3.663836563919630596e-05 1.254581649339988735e-03
3.903538191706493036e-05 -3.651623980571258739e-05 1.255573419677878666e-03
3.899030859849803092e-05 -3.638641259231687272e-05 1.256563931240253784e-03
3.893953645219333032e-05 -3.625052165543721038e-05 1.257553353137712444e-03
3.888426378215107917e-05 -3.610952034988904795e-05 1.258541818334654554e-03
3.882584332213306167e-05 -3.596446055999997821e-05 1.259529514953802807e-03
3.876571654895761225e-05 -3.581564440535436959e-05 1.260516550159913873e-03
3.870535567473949403e-05 -3.566489347917557663e-05 1.261503277431671143e-03
3.864623829065070258e-05 -3.551348189452544705e-05 1.262489978809568005e-03
3.858976894773611180e-05 -3.536243911156165793e-05 1.263476891747902873e-03
3.853719710836250319e-05 -3.521229145371221938e-05 1.264464156462669943e-03
3.848958964857557546e-05 -3.506370842351171969e-05 1.265451909552813611e-03
3.844748923349080238e-05 -3.491753437300714548e-05 1.266440265501690698e-03
3.838064967614402014e-05 -3.474974280533271422e-05 1.267423810004911829e-03
3.833576038956127791e-05 -3.461305687536882377e-05 1.268413406085772133e-03
3.829810452232354734e-05 -3.446841084607620411e-05 1.269402172687711990e-03
3.825729559107032092e-05 -3.432216343505943232e-05 1.270390578577412256e-03
3.821399960099608765e-05 -3.417436472867579092e-05 1.271378647867602105e-03
3.816907625515150553e-05 -3.402513133597027749e-05 1.272366428728100365e-03
3.812701052763415997e-05 -3.387876207164642516e-05 1.273354760648331193e-03
3.810184915616691802e-05 -3.372184372762916286e-05 1.274342049323957168e-03
3.808080495964095025e-05 -3.355141143336006247e-05 1.275327025022738366e-03
3.793434478926301735e-05 -3.343785004223756596e-05 1.276309629156102861e-03
3.789164056377792412e-05 -3.328646757016944429e-05 1.277297181520925615e-03
3.784758915265479500e-05 -3.313539947311878249e-05 1.278284722859525466e-03
3.780310805986249417e-05 -3.298499093563902703e-05 1.279272345612115884e-03
3.775885127593630496e-05 -3.283499386155682543e-05 1.280260041014415033e-03
3.771495926572724099e-05 -3.268476555369247475e-05 1.281247707021402910e-03
3.764289138948709480e-05 -3.250745462214887194e-05 1.282229195125774660e-03
3.761167922410017122e-05 -3.238075157219220886e-05 1.283220639737794270e-03
3.756510777411553630e-05 -3.222774275670686961e-05 1.284207766527462481e-03
3.751577059188067261e-05 -3.207293864648944000e-05 1.285194478953933725e-03
3.746366314130758322e-05 -3.191568873162292321e-05 1.286180662090765942e-03
3.740902150260449344e-05 -3.175580596934146784e-05 1.287166284597646409e-03
3.735224331732421278e-05 -3.159330839481514484e-05 1.288151358567676385e-03
3.729360479530742593e-05 -3.142797909209943787e-05 1.289135852200566038e-03
3.723333186439489962e-05 -3.125953594943938326e-05 1.290119719059899892e-03
3.718116351502341599e-05 -3.109737865793596353e-05 1.291105103997950299e-03
3.710501759116367179e-05 -3.092339413965490921e-05 1.292086903883150201e-03
3.713878144211936927e-05 -3.084135449848962308e-05 1.293082917512653612e-03
3.708632123892396080e-05 -3.067339218370376857e-05 1.294067139411131818e-03
3.704534900674607184e-05 -3.051540049677830066e-05 1.295053725280209591e-03
3.701821593191283660e-05 -3.036932329592175166e-05 1.296042621658447230e-03
3.696584504380830090e-05 -3.021682436999950639e-05 1.297029524557539656e-03
3.699209735285193641e-05 -3.011589663685822142e-05 1.298023892499194053e-03
3.700008889295617226e-05 -3.000179859755624097e-05 1.299017311580523068e-03
3.696026447609547532e-05 -2.992145324126853893e-05 1.300013174294008950e-03
3.696932549145322581e-05 -2.982439224957030263e-05 1.301008288871063120e-03
3.695354919704125471e-05 -2.974706126791582173e-05 1.302005108106796694e-03
3.695819776242090823e-05 -2.965932780815386694e-05 1.303001204061480633e-03
3.695970069089534360e-05 -2.957076413843384688e-05 1.303997271481849036e-03
3.695417963439068780e-05 -2.948038884575791569e-05 1.304993160945806981e-03
3.694047370101658575e-05 -2.938535734532844514e-05 1.305988535303918494e-03
3.691750520004956538e-05 -2.928290189159345650e-05 1.306982998423369957e-03
3.688388506194751064e-05 -2.917023994724428769e-05 1.307976047918470597e-03
3.682088210371603601e-05 -2.904289501948354574e-05 1.308965816529737529e-03
3.678630508007687953e-05 -2.891233217075288921e-05 1.309956548628969219e-03
3.686905242154428052e-05 -2.880827821980036041e-05 1.310946422177045392e-03
3.678233367189980398e-05 -2.865067629565358847e-05 1.311925385743299526e-03
3.673660600804486110e-05 -2.849941535251266758e-05 1.312911871550272863e-03
3.669515748124873802e-05 -2.832996912181901132e-05 1.313896439184039124e-03
3.665696599519577671e-05 -2.815344117417067815e-05 1.314879986849050528e-03
3.662689909244899484e-05 -2.797444986762494677e-05 1.315863372244870794e-03
3.660367932284105719e-05 -2.779222794616912284e-05 1.316846350864294204e-03
3.658641097316040852e-05 -2.760619188981781346e-05 1.317828737802916907e-03
3.657388074986361545e-05 -2.741571343474220941e-05 1.318810345573430669e-03
3.656468724294227335e-05 -2.722019084424276314e-05 1.319790998372011737e-03
3.655702607696594041e-05 -2.701902342411675189e-05 1.320770521985949013e-03
3.654957622745652292e-05 -2.681188582606608883e-05 1.321748801887795075e-03
3.654090946337713164e-05 -2.659856413362293173e-05 1.322725741335079117e-03
3.652947538485400858e-05 -2.637897228878193385e-05 1.323701261163094667e-03
3.650344242096556453e-05 -2.616072144417686001e-05 1.324676771664367279e-03
3.645909158260969156e-05 -2.594712056806449161e-05 1.325652649979742418e-03
3.640209599403531330e-05 -2.571897523097249196e-05 1.326624548040620469e-03
3.639510872782779333e-05 -2.550106819480882765e-05 1.327599937771237019e-03
3.634973068494318156e-05 -2.527463389772185572e-05 1.328572268301823987e-03
3.637027846044118043e-05 -2.505669584108766686e-05 1.329546615801910359e-03
3.635785379717964855e-05 -2.484082704472629570e-05 1.330522161847843068e-03
3.623601338300102995e-05 -2.455459380475092044e-05 1.331470027654168414e-03
3.614791595784889316e-05 -2.430372419154966181e-05 1.332432329849653815e-03
3.607988347318445287e-05 -2.407175737322537760e-05 1.333402663281407254e-03
3.600465881877909551e-05 -2.383442740658391626e-05 1.334371166851123190e-03
3.592127531620070203e-05 -2.359261674257205897e-05 1.335337891746736592e-03
3.582888746290997995e-05 -2.334733720557079033e-05 1.336302922151580506e-03
3.572678867716935850e-05 -2.309973119075016282e-05 1.337266378046587240e-03
3.561473475468262829e-05 -2.285098964185071019e-05 1.338228434289135370e-03
3.549293528738834774e-05 -2.260229299280769715e-05 1.339189317708175050e-03
3.536188618973727015e-05 -2.235481666554265211e-05 1.340149299655266427e-03
3.522202010168109160e-05 -2.210968670951923311e-05 1.341108639519055044e-03
3.512435138782152061e-05 -2.186512320736307908e-05 1.342072984876082307e-03
3.500449472612868099e-05 -2.162584784191490391e-05 1.343036257972763086e-03
3.487931790727251061e-05 -2.139176881246836840e-05 1.344000371252056149e-03
3.476438949746046988e-05 -2.116282253835623863e-05 1.344966988008604574e-03
3.465986064304254523e-05 -2.093981826944893077e-05 1.345936170070640564e-03
3.464899805507427974e-05 -2.072449181672615914e-05 1.346911195500237208e-03
3.457763505994915817e-05 -2.050684761125248011e-05 1.347883110773085823e-03
3.437142780840329967e-05 -2.025670456178785953e-05 1.348826843823561390e-03
3.425309455838432157e-05 -2.003249302336983136e-05 1.349790885642721070e-03
3.417254508542309142e-05 -1.981927229500600896e-05 1.350764553255030722e-03
3.408184203615784879e-05 -1.960310627352320354e-05 1.351736675964129806e-03
3.398040222160583128e-05 -1.938439356065895246e-05 1.352707165848364857e-03
3.386795699775918859e-05 -1.916369546470236360e-05 1.353675992093633304e-03
3.374460009631344195e-05 -1.894172332798551423e-05 1.354643198783288868e-03
3.361090021239845178e-05 -1.871901077656611020e-05 1.355608861200671873e-03
3.348700750279358607e-05 -1.849572837290953107e-05 1.356575683952184440e-03
3.334803630974799381e-05 -1.827314530589551619e-05 1.357540582382511535e-03
3.320221834469280856e-05 -1.805199541477091836e-05 1.358504858879195590e-03
3.305619951695676513e-05 -1.783270253514623594e-05 1.359469528989426350e-03
3.291123623012386546e-05 -1.761582252731428146e-05 1.360434903088820514e-03
3.276853173534421406e-05 -1.740193797578018468e-05 1.361401280771826292e-03
3.262921774882416188e-05 -1.719173819992771818e-05 1.362368959710246689e-03
3.249435126568025030e-05 -1.698571205842229693e-05 1.363338164024038238e-03
3.238894346025520819e-05 -1.677460579541499726e-05 1.364309805514280893e-03
3.225867127686954833e-05 -1.657187657723098562e-05 1.365280169916063824e-03
3.215039891220225027e-05 -1.637724651777772760e-05 1.366254909215609391e-03
3.194593353908114830e-05 -1.616944693749641895e-05 1.367209805501469651e-03
3.179998758957951053e-05 -1.597198495547181120e-05 1.368177993033501284e-03
3.167423186663946338e-05 -1.577881241559478935e-05 1.369151062311259760e-03
3.154130540670405824e-05 -1.558579196327317711e-05 1.370123206144304752e-03
3.140203291318349917e-05 -1.539339778467991364e-05 1.371094587215363359e-03
3.125692040384765393e-05 -1.520168875571574077e-05 1.372065248823827865e-03
3.110734462197947106e-05 -1.501080255120520386e-05 1.373035396462588334e-03
3.095475645486291680e-05 -1.482098276693238889e-05 1.374005284999151640e-03
3.080063598661235592e-05 -1.463265686829068003e-05 1.374975222894944758e-03
3.064652717099533791e-05 -1.444618898899854526e-05 1.375945521543292006e-03
3.049389801423328490e-05 -1.426162939823285199e-05 1.376916418427793880e-03
3.034421238083066780e-05 -1.407914132571682905e-05 1.377888163941930200e-03
3.019889488326912524e-05 -1.389895805934545799e-05 1.378861000750514557e-03
3.005943513537764520e-05 -1.372166948184998400e-05 1.379835223733339410e-03
2.992693058061393128e-05 -1.354717373689154293e-05 1.380810919587829606e-03
2.980235223965999660e-05 -1.337547641924592013e-05 1.381788153387490756e-03
2.968652185370933063e-05 -1.320667590497057181e-05 1.382766965289810007e-03
2.958020490185057780e-05 -1.304114638958475088e-05 1.383747412359096797e-03
2.941317677764914383e-05 -1.288137546137394372e-05 1.384719639527140847e-03
2.928739726413437879e-05 -1.272341206524209308e-05 1.385698352816238776e-03
2.918033605748627038e-05 -1.256794105642419605e-05 1.386680372420927374e-03
2.907035347204100587e-05 -1.241574630403237087e-05 1.387662582714946184e-03
2.895820696940648367e-05 -1.226697343004956329e-05 1.388645072789844448e-03
2.884438574362190681e-05 -1.212112793102267134e-05 1.389627809730465454e-03
2.872953218868983406e-05 -1.197783599987481960e-05 1.390610802478976088e-03
2.861441919153378391e-05 -1.183683126300898651e-05 1.391594095769830338e-03
2.850016811990265122e-05 -1.169829183615192119e-05 1.392577839609129061e-03
2.838750588276030826e-05 -1.156175633086035230e-05 1.393562046914594271e-03
2.827711606296548955e-05 -1.142672467070159499e-05 1.394546718908840858e-03
2.816977190047113093e-05 -1.129288917370401770e-05 1.395531890431930214e-03
2.806639479578373352e-05 -1.116022916064551047e-05 1.396517644285570105e-03
2.796785298013522588e-05 -1.102874783659633095e-05 1.397504050293824161e-03
2.787454135862972918e-05 -1.089795315614606956e-05 1.398491055911139404e-03
2.778687383118755546e-05 -1.076756487503616132e-05 1.399478632074970929e-03
2.770524467030776003e-05 -1.063747562003091192e-05 1.400466764661083968e-03
2.763041636432521771e-05 -1.050824246116772884e-05 1.401455546470160591e-03
2.753802690039909671e-05 -1.038902593855499953e-05 1.402444019267770625e-03
2.746225303789126443e-05 -1.026615511851686045e-05 1.403433430317815173e-03
2.739651771762309181e-05 -1.014223885135324373e-05 1.404423542440242593e-03
2.733289077899778350e-05 -1.002089494815566004e-05 1.405414110361731268e-03
2.727153087971420252e-05 -9.902277676730798805e-06 1.406405151414997622e-03
2.721221409630017365e-05 -9.786087989239952305e-06 1.407396604711979270e-03
2.715487014278059437e-05 -9.672226877882696735e-06 1.408388444138609138e-03
2.709956133937757781e-05 -9.560761431236801156e-06 1.409380671118534017e-03
2.704674861138447927e-05 -9.452287086929024958e-06 1.410373364766701575e-03
2.699599956530038453e-05 -9.346345288825331696e-06 1.411366440367981933e-03
2.694705907042173248e-05 -9.242674447685751723e-06 1.412359846388191488e-03
2.689987727506261647e-05 -9.141253485004299304e-06 1.413353569718864104e-03
2.685470583972839861e-05 -9.042474442657846939e-06 1.414347652115929659e-03
2.681143779978263734e-05 -8.946276848149582720e-06 1.415342072543878445e-03
2.676977719306096993e-05 -8.852325287780782128e-06 1.416336776578512244e-03
2.672960624914457240e-05 -8.760508606395793409e-06 1.417331741230870058e-03
2.669095417603525237e-05 -8.670927957104535667e-06 1.418326969762191692e-03
2.665401246730280719e-05 -8.583969897596011199e-06 1.419322495492869162e-03
2.661846700356213175e-05 -8.499238783248226026e-06 1.420318264554666643e-03
2.658414187671938593e-05 -8.416526117653927636e-06 1.421314246135376748e-03
2.655098713665169478e-05 -8.335810097628944387e-06 1.422310431176885409e-03
2.651918352793587844e-05 -8.257513779488719627e-06 1.423306853025579043e-03
2.648856001052779592e-05 -8.181448926382467514e-06 1.424303484966805890e-03
2.645891553039484299e-05 -8.107335567158724897e-06 1.425300293639434820e-03
2.643017255877720651e-05 -8.035101531394970716e-06 1.426297266675826368e-03
2.640235912247467005e-05 -7.964914550159970025e-06 1.427294412173063434e-03
2.637548872868522500e-05 -7.896975636645413776e-06 1.428291739133457066e-03
2.634936127443375414e-05 -7.830954572209977802e-06 1.429289214878509337e-03
2.632386716344077400e-05 -7.766695302419203179e-06 1.430286822071459314e-03
2.629895691717096132e-05 -7.704175958843950700e-06 1.431284554577228873e-03
2.627469555030618328e-05 -7.643844753794680816e-06 1.432282437509120078e-03
2.625092039016685294e-05 -7.585395538189324518e-06 1.433280444433466042e-03
2.622751496617448488e-05 -7.528603513236250771e-06 1.434278555798801716e-03
2.620442638192145419e-05 -7.473434114701665332e-06 1.435276765556723570e-03
2.618162982975460288e-05 -7.420113759210845929e-06 1.436275082391396101e-03
2.615904378981063943e-05 -7.368670696585016715e-06 1.437273502541489521e-03
2.613656996313274295e-05 -7.318839209815711739e-06 1.438272007069349000e-03
2.611414686152087363e-05 -7.270513466252246020e-06 1.439270586752358378e-03
2.609172173759552173e-05 -7.223727498464211731e-06 1.440269239700505636e-03
2.606919281661184280e-05 -7.178795817149155045e-06 1.441267975315045288e-03
2.604649660995619206e-05 -7.135419720169134555e-06 1.442266776096627276e-03
2.602359555920569586e-05 -7.093432385534385232e-06 1.443265631551666432e-03
2.600045971018279827e-05 -7.052811117845190688e-06 1.444264538088552673e-03
2.597702552272960930e-05 -7.013819303114308699e-06 1.445263502486813893e-03
2.595331212755633190e-05 -6.976332589912457742e-06 1.446262518006685531e-03
2.592935660413331960e-05 -6.940142844987276867e-06 1.447261575620966724e-03
2.590516979048552486e-05 -6.905185596551439016e-06 1.448260671553632840e-03
2.588073180262041371e-05 -6.871558620307807346e-06 1.449259806994597066e-03
2.585601929104665972e-05 -6.839373201965502141e-06 1.450258983130677404e-03
2.583107429701203480e-05 -6.808398732587308888e-06 1.451258191855259519e-03
2.580591696907600909e-05 -6.778522420666539540e-06 1.452257428699882651e-03
2.578055080186524231e-05 -6.749719545741114021e-06 1.453256691788147158e-03
2.575492099758072191e-05 -6.722257480111748124e-06 1.454255985800621907e-03
2.572906936925068366e-05 -6.695911821170916132e-06 1.455255304266554143e-03
2.570302348511814477e-05 -6.670534244792841519e-06 1.456254642749200794e-03
2.567678758634281205e-05 -6.646096214858966602e-06 1.457253999683476992e-03
2.565033260100146862e-05 -6.622729302223682681e-06 1.458253376420822964e-03
2.562366296746859388e-05 -6.600397403117967495e-06 1.459252771142880312e-03
2.559681006991129001e-05 -6.578937625275846684e-06 1.460252180098397124e-03
2.556978587404822219e-05 -6.558283906766920804e-06 1.461251601423636370e-03
2.554258272020915618e-05 -6.538462163492312724e-06 1.462251034733232265e-03
2.551517472455830344e-05 -6.519575235246683381e-06 1.463250480525866634e-03
2.548759594081701730e-05 -6.501453738128750736e-06 1.464249935839249776e-03
2.545986446854253755e-05 -6.484005239652013920e-06 1.465249398906840785e-03
2.543198371607998320e-05 -6.467205395503550794e-06 1.466248868938144819e-03
2.540392051436072049e-05 -6.451179522668815733e-06 1.467248346545504088e-03
2.537569882791585360e-05 -6.435808748917489400e-06 1.468247830013263630e-03
2.534734070262364158e-05 -6.420987868781926238e-06 1.469247317931506123e-03
2.531885178076825036e-05 -6.406683127112695504e-06 1.470246809652988457e-03
2.529021672312497412e-05 -6.392938424199172032e-06 1.471246305048797259e-03
2.526143505440019382e-05 -6.379733911767419439e-06 1.472245803521968644e-03
2.523253052986355551e-05 -6.366964515061871851e-06 1.473245304115592715e-03
2.520351360073286176e-05 -6.354579147072954060e-06 1.474244806286682374e-03
2.517438277229814086e-05 -6.342568413722150363e-06 1.475244309716936680e-03
2.514511965413039518e-05 -6.330965431755530196e-06 1.476243814095217367e-03
2.511574865146043136e-05 -6.319672770025450732e-06 1.477243318874517548e-03
2.508628355500166994e-05 -6.308632401107877427e-06 1.478242823704297750e-03
2.505672770210493983e-05 -6.297820329668185777e-06 1.479242328351313990e-03
2.502706463469007593e-05 -6.287248223986931278e-06 1.480241832387581800e-03
2.499730866936599483e-05 -6.276854723084533220e-06 1.481241335539952488e-03
2.496747496949075688e-05 -6.266586198198941330e-06 1.482240837668048327e-03
2.493756873910715570e-05 -6.256414650378591041e-06 1.483240338620712886e-03
2.490758441868512449e-05 -6.246318611327465990e-06 1.484239837999546101e-03
2.487752326532661617e-05 -6.236256458761743646e-06 1.485239335412719044e-03
2.484740030137568668e-05 -6.226187679020175988e-06 1.486238830898465885e-03
2.481722298061041947e-05 -6.216084825709171545e-06 1.487238324400586356e-03
2.478699290646369581e-05 -6.205919898077835685e-06 1.488237815678865924e-03
2.475670439592632415e-05 -6.195627466133296647e-06 1.489237303881349797e-03
2.472637133778426592e-05 -6.185187208890699887e-06 1.490236789199920510e-03
2.469600205857991180e-05 -6.174582045419637187e-06 1.491236271681694019e-03
2.466559985636137571e-05 -6.163788202860287685e-06 1.492235751141901892e-03
2.463516284172420241e-05 -6.152714294119124968e-06 1.493235226472948343e-03
2.460469940419206985e-05 -6.141337739331802887e-06 1.494234697600713840e-03
2.457421720068901625e-05 -6.129659902084581712e-06 1.495234164681411536e-03
2.454372018177211330e-05 -6.117662759365656505e-06 1.496233627526896790e-03
2.451321110525783443e-05 -6.105265931059313474e-06 1.497233085119310195e-03
2.448269557662738404e-05 -6.092394181205326995e-06 1.498232536505245561e-03
2.445217944248526690e-05 -6.079073775074859298e-06 1.499231981999283713e-03
2.442166659481460010e-05 -6.065303545632855396e-06 1.500231421495190186e-03
2.439116083835761049e-05 -6.051039921987474011e-06 1.501230854282967816e-03
2.436067089237546794e-05 -6.036112832440665999e-06 1.502230277838269984e-03
2.433019983644723450e-05 -6.020580281084312332e-06 1.503229692763215306e-03
2.430005303777772646e-05 -6.004675412612575537e-06 1.504229111669503662e-03
2.426977754336822352e-05 -5.988061265873411978e-06 1.505228515090087718e-03
2.423951613205774333e-05 -5.970632652092146518e-06 1.506227905084602924e-03
2.420939189778891079e-05 -5.952487638909901871e-06 1.507227286489668232e-03
2.417939508362022818e-05 -5.933676105101958704e-06 1.508226659407465361e-03
2.414951466844864205e-05 -5.914180728028592898e-06 1.509226022701830663e-03
2.411974496531338612e-05 -5.893848475704583167e-06 1.510225372593617440e-03
2.409007680507750394e-05 -5.872560254364430347e-06 1.511224705581670161e-03
2.406048301754603130e-05 -5.850404385603755822e-06 1.512224021943053658e-03
2.403093662249304669e-05 -5.827410031974467321e-06 1.513223320762302742e-03
2.400141342934511657e-05 -5.803531153854522659e-06 1.514222599512679047e-03
2.397189352472095018e-05 -5.778562615189619813e-06 1.515221851674488501e-03
2.394234247947965688e-05 -5.752656926761268978e-06 1.516221079119444825e-03
2.391273481749868574e-05 -5.725893464263477752e-06 1.517220282280785666e-03
2.388305321219981188e-05 -5.698270822861443063e-06 1.518219459865346663e-03
2.385461051579874570e-05 -5.670392349544459272e-06 1.519218666160057369e-03
2.383101837687703903e-05 -5.644507192216936741e-06 1.520218048374683863e-03
2.380437163105258254e-05 -5.616006359890091001e-06 1.521217280836355094e-03
2.377761376666478720e-05 -5.586679757574478458e-06 1.522216492006449318e-03
2.374949359565877051e-05 -5.550381694527364538e-06 1.523215427276225324e-03
2.372495102943130154e-05 -5.518017790749873919e-06 1.524214590790116345e-03
2.370298677798660079e-05 -5.488073239533253018e-06 1.525213900814920143e-03
2.368182023916045963e-05 -5.457377369685369093e-06 1.526213205304619448e-03
2.366092336238109341e-05 -5.425451857170540912e-06 1.527212476912364648e-03
2.363983327636619037e-05 -5.391914451359716263e-06 1.528211691527447957e-03
2.361810557550857433e-05 -5.356687255213173556e-06 1.529210834304858737e-03
2.359530757202148160e-05 -5.319643729687215176e-06 1.530209887391695105e-03
2.357103581627732414e-05 -5.280616612804556374e-06 1.531208830070233517e-03
2.354491415928972327e-05 -5.239307083292871312e-06 1.532207634022331004e-03
2.351666621078164001e-05 -5.195713681419503279e-06 1.533206282978989265e-03
2.348891753518880733e-05 -5.150853275800635988e-06 1.534204890494173142e-03
2.347072449971261777e-05 -5.109460717997827332e-06 1.535203850090745368e-03
2.344292586633356588e-05 -5.062620064989450069e-06 1.536202327013169115e-03
2.341270274788776360e-05 -5.013585757773677833e-06 1.537200665815471184e-03
2.338541327763580109e-05 -4.965043714556297221e-06 1.538199113242753359e-03
2.336078890876427361e-05 -4.917054664071519841e-06 1.539197656847552439e-03
2.333842635649913653e-05 -4.869567501350502752e-06 1.540196277868450224e-03
2.331779157350047322e-05 -4.822397480571213556e-06 1.541194951337603383e-03
2.329833613634009219e-05 -4.775567565715954216e-06 1.542193664614577645e-03
2.327944832193953455e-05 -4.729016734787195881e-06 1.543192401931279146e-03
2.326047948378928278e-05 -4.682610235472866128e-06 1.544191144443307455e-03
2.324073475960798213e-05 -4.636058876447314575e-06 1.545189865088133271e-03
2.321962527426992440e-05 -4.589292792111613054e-06 1.546188547657336137e-03
2.319074805671058313e-05 -4.531274951939124496e-06 1.547186413312797923e-03
2.316305223846571137e-05 -4.479445316056989543e-06 1.548184664128713587e-03
2.318926489680278710e-05 -4.431093801877774823e-06 1.549182660848400818e-03
2.319254876527816059e-05 -4.382796482270536753e-06 1.550181181920620363e-03
2.320113354446838488e-05 -4.336826875120050724e-06 1.551180015775733678e-03
2.321234875180404434e-05 -4.285387500271634630e-06 1.552178618275318507e-03
2.323752336931198789e-05 -4.233007128845057225e-06 1.553176884522530169e-03
2.328156352535657264e-05 -4.182257085365198080e-06 1.554174592303652052e-03
2.334095859874392846e-05 -4.133071420212858910e-06 1.555171593726148698e-03
2.341153426642627252e-05 -4.085236819962753868e-06 1.556167942376952742e-03
2.348864518527654164e-05 -4.038411946758964477e-06 1.557163861862696525e-03
2.356731315996616946e-05 -3.992075718407799435e-06 1.558159685279151500e-03
2.364260268043236966e-05 -3.945838933747220353e-06 1.559155772106607385e-03
2.370969931170841422e-05 -3.899286062178586448e-06 1.560152422367659057e-03
2.376406450950156965e-05 -3.851952562526649724e-06 1.561149800208718255e-03
2.380159850250330609e-05 -3.803327234985984443e-06 1.562147877503981645e-03
2.381892337123963250e-05 -3.753001910957761590e-06 1.563146412746280797e-03
2.383748941442422203e-05 -3.707071203871765764e-06 1.564145167405073603e-03
2.381838364429968963e-05 -3.655106988631253313e-06 1.565143255837089103e-03
2.377022850218881732e-05 -3.596266737764223324e-06 1.566140330604555604e-03
2.370459983548155977e-05 -3.537507848241401107e-06 1.567136407704976774e-03
2.362271754462372638e-05 -3.478159153992772122e-06 1.568131254734578869e-03
2.352710449816843296e-05 -3.417086328847216570e-06 1.569124779198026714e-03
2.342033772789359032e-05 -3.354409774938119170e-06 1.570117073623829036e-03
2.330520553558758796e-05 -3.290197367317711198e-06 1.571108339634763769e-03
2.318494217716823402e-05 -3.224686741082391625e-06 1.572098915764479944e-03
2.306297784596849417e-05 -3.158166972732309260e-06 1.573089218526433665e-03
2.294586768411241743e-05 -3.097680181654014047e-06 1.574080475682408230e-03
2.283303016817761087e-05 -3.035090542806018509e-06 1.575072106678968888e-03
2.272706234631300922e-05 -2.969535571481919900e-06 1.576064302520441707e-03
2.263244625308515339e-05 -2.904853418825688702e-06 1.577057693951419964e-03
2.255170171658578288e-05 -2.841645525672650361e-06 1.578052396621234480e-03
2.248800482556706878e-05 -2.780314972766830338e-06 1.579048438668079288e-03
2.238854213844689055e-05 -2.719832428585188477e-06 1.580041083873549509e-03
2.230135488895323848e-05 -2.658228534333928952e-06 1.581034917863902330e-03
2.221899900931459344e-05 -2.589938237806823526e-06 1.582029058347978780e-03
2.213909319984665340e-05 -2.524492931593800179e-06 1.583023634994719375e-03
2.206226881832104396e-05 -2.461655013004536546e-06 1.584018687067122351e-03
2.197750453133977169e-05 -2.396709498438537125e-06 1.585012962500149253e-03
2.188668035570843381e-05 -2.330048187073257892e-06 1.586006592157347943e-03
2.179184797521279199e-05 -2.262095678317353287e-06 1.586999762098493215e-03
2.169512019987852492e-05 -2.193291887768671954e-06 1.587992691793336034e-03
2.159871094558222650e-05 -2.124115702449959695e-06 1.588985626618045436e-03
2.150488148411278995e-05 -2.055067243893393492e-06 1.589978816174123216e-03
2.141571575278612214e-05 -1.986602795857361921e-06 1.590972473532747261e-03
2.133299240039513250e-05 -1.919107948601140981e-06 1.591966751701955236e-03
2.125811528187142291e-05 -1.852888186057988724e-06 1.592961734831091752e-03
2.119225588777682166e-05 -1.788193500050008207e-06 1.593957453328247349e-03
2.111237066511164855e-05 -1.718932785229352162e-06 1.594951742287404120e-03
2.104365968583881078e-05 -1.651668657874485197e-06 1.595946947625600382e-03
2.097688969540718087e-05 -1.584404997488072078e-06 1.596942400044788161e-03
2.091719115136726333e-05 -1.526260772809354914e-06 1.597938819085790215e-03
2.086037008454968595e-05 -1.465730552824934573e-06 1.598935329005996171e-03
2.079872042599995320e-05 -1.399365338791035962e-06 1.599931217637865378e-03
2.073530289979479553e-05 -1.332832435547100059e-06 1.600926984116613633e-03
2.067038045336502678e-05 -1.266173688489183867e-06 1.601922645323884589e-03
2.060436399211830791e-05 -1.199440158123557639e-06 1.602918229704950424e-03
2.053764342136981327e-05 -1.132678731161622149e-06 1.603913765339993851e-03
2.047052980908773732e-05 -1.065933437784740335e-06 1.604909275666114351e-03
2.040325168919963078e-05 -9.992508421024940452e-07 1.605904779097820558e-03
2.033619415660710216e-05 -9.326752634324251756e-07 1.606900304554928667e-03
2.026970686749071383e-05 -8.662433827357880795e-07 1.607895877823987789e-03
2.020400968672280689e-05 -7.999849117793644061e-07 1.608891515062036304e-03
2.013751083832260143e-05 -7.337507704465627610e-07 1.609887100392467726e-03
2.007201212920873317e-05 -6.677530237244898730e-07 1.610882767202669562e-03
2.000456629424359799e-05 -6.016989134453277529e-07 1.611878298400860193e-03
1.993779322111711565e-05 -5.358369808285663743e-07 1.612873888480513898e-03
1.987202579431531462e-05 -4.702300541292001920e-07 1.613869564229945298e-03
1.980541176282911930e-05 -4.047169075650586342e-07 1.614865189878019608e-03
1.973803811942530335e-05 -3.392973956084348313e-07 1.615860770591671415e-03
1.966994794148573832e-05 -2.739733369130325258e-07 1.616856308823272359e-03
1.960109220479795621e-05 -2.087584439353475814e-07 1.617851801541887995e-03
1.953132826606329489e-05 -1.436847148036188830e-07 1.618847240224339634e-03
1.946073135691938873e-05 -7.875008509186279211e-08 1.619842629311845066e-03
1.938938715272129959e-05 -1.394799644540254000e-08 1.620837973753060796e-03
1.931729001536603300e-05 5.071476595900765459e-08 1.621833272999676293e-03
1.924425554596553340e-05 1.151933465355190338e-07 1.622828515788166288e-03
1.917031693515902979e-05 1.794844293208589545e-07 1.623823703998638398e-03
1.909558487069835679e-05 2.436027280996066081e-07 1.624818844094945511e-03
1.902390608059124013e-05 3.081940104115167134e-07 1.625814174702448420e-03
1.895032958624792149e-05 3.724056170687667602e-07 1.626809389958423519e-03
1.887466669278040172e-05 4.361913155927301472e-07 1.627804481128961814e-03
1.879959386365693402e-05 5.000031928132915112e-07 1.628799615303859298e-03
1.872502734836444267e-05 5.638253758395283860e-07 1.629794786905832543e-03
1.865072695676783617e-05 6.276070744391362575e-07 1.630789981027519746e-03
1.857627137033472501e-05 6.912490959185783778e-07 1.631785172477429220e-03
1.850145966958693448e-05 7.547179947025615256e-07 1.632780348276497394e-03
1.842608628946096824e-05 8.179843795087982118e-07 1.633775494544652696e-03
1.834982299969079703e-05 8.809867396771822798e-07 1.634770589690485477e-03
1.827215637113790159e-05 9.436031634896064226e-07 1.635765600440462503e-03
1.819280073554153053e-05 1.005778930725300105e-06 1.636760505517666046e-03
1.811160249094116698e-05 1.067498703847081020e-06 1.637755290212796790e-03
1.802834678417343352e-05 1.128723511988845892e-06 1.638749935305165457e-03
1.794273635367683376e-05 1.189376684712190717e-06 1.639744415316997210e-03
1.787091602182548343e-05 1.253349909871238420e-06 1.640739707688376216e-03
1.779237575661979417e-05 1.315696252355696788e-06 1.641734584527480400e-03
1.770655860290151366e-05 1.376286099003133315e-06 1.642729049274635478e-03
1.762457752063420276e-05 1.437791275393524339e-06 1.643723781800303461e-03
1.754575914678554983e-05 1.500000450947992898e-06 1.644718726869959929e-03
1.746954870531392413e-05 1.562768703785842404e-06 1.645713840231515044e-03
1.739527085281933482e-05 1.625926600731660393e-06 1.646709075505848208e-03
1.732198987385695713e-05 1.689221985141093542e-06 1.647704376214261402e-03
1.724849907600694285e-05 1.752303794886176391e-06 1.648699674978646758e-03
1.717373590631974818e-05 1.814882921143160603e-06 1.649694910440040359e-03
1.709678555241932752e-05 1.876730987562991914e-06 1.650690024383719666e-03
1.701669166922061758e-05 1.937596767024222294e-06 1.651684950064975527e-03
1.693246295008912200e-05 1.997197948565977977e-06 1.652679609762242648e-03
1.684261938712955668e-05 2.052635778529177084e-06 1.653674012664166967e-03
1.674743507217246619e-05 2.107092850748131917e-06 1.654667978426766547e-03
1.668027947869391700e-05 2.171216433057681952e-06 1.655663353212061522e-03
1.659431449206943821e-05 2.229221166903615695e-06 1.656657473739193889e-03
1.649193733997205040e-05 2.281289508320481404e-06 1.657650838975936562e-03
1.639734357175713341e-05 2.335051439976414709e-06 1.658644898486847773e-03
1.630771759115118492e-05 2.390089827371869319e-06 1.659639349254894616e-03
1.622221726724832925e-05 2.446254604067969156e-06 1.660634101270624073e-03
1.613963487674020209e-05 2.503256946468138298e-06 1.661629053234360033e-03
1.605870867993801690e-05 2.560805872369241805e-06 1.662624110359660345e-03
1.597820915675400452e-05 2.618639345342656281e-06 1.663619185787771314e-03
1.589677476453216066e-05 2.676429364544869310e-06 1.664614187405076291e-03
1.581293528722770494e-05 2.733774293472947420e-06 1.665609014169861651e-03
1.572520676335733344e-05 2.790226965774019415e-06 1.666603555164482536e-03
1.563246769844489577e-05 2.845477683179322539e-06 1.667597707862458582e-03
1.553244868108060410e-05 2.887276550320890950e-06 1.668591753327431770e-03
1.542598757360068857e-05 2.930250762123503792e-06 1.669585110231516095e-03
1.535484761994895640e-05 2.999605470608253707e-06 1.670579589003129417e-03
1.524764129222415604e-05 3.051258985342956114e-06 1.671571050772841828e-03
1.512163017201137307e-05 3.088116136386982467e-06 1.672562272675450629e-03
1.501012887106393139e-05 3.128623273753028841e-06 1.673555208783939537e-03
1.490230564361833729e-05 3.170433787047063712e-06 1.674548497705122003e-03
1.479735505543089000e-05 3.213680942911471340e-06 1.675542033294071843e-03
1.469443274804184859e-05 3.258523414658977479e-06 1.676535710714184817e-03
1.459249662668830563e-05 3.305021090802286494e-06 1.677529414028281363e-03
1.449031126491888949e-05 3.353101555638543362e-06 1.678523016424538720e-03
1.438647421862878103e-05 3.402536050643851493e-06 1.679516380680069754e-03
1.427982914691364247e-05 3.453168186917759174e-06 1.680509386450969485e-03
1.416931253481856243e-05 3.504790324145098375e-06 1.681501916849089881e-03
1.405388304619275160e-05 3.557072068000401605e-06 1.682493852260299409e-03
1.392896044825875719e-05 3.590641583250590193e-06 1.683485320088539631e-03
1.379907039201868037e-05 3.631857026497723842e-06 1.684475872112780812e-03
1.366590171968288885e-05 3.679562258972587357e-06 1.685465803816301421e-03
1.354761936312066211e-05 3.737541406411892919e-06 1.686456942124145864e-03
1.340740885591277646e-05 3.781387181708193129e-06 1.687445586909600871e-03
1.325020021063716224e-05 3.812414016596861065e-06 1.688432659616688220e-03
1.309941805200482401e-05 3.846334292539171421e-06 1.689420637757759001e-03
1.295559361978676140e-05 3.883350473982895520e-06 1.690409540998962998e-03
1.281887815720759894e-05 3.923436877121974689e-06 1.691399332510098996e-03
1.268897241032734568e-05 3.966282191748284918e-06 1.692389926447986775e-03
1.256548725348177333e-05 4.011571812747993279e-06 1.693381233171602999e-03
1.243294113615410678e-05 4.065468602890250797e-06 1.694370870082060818e-03
1.230837850116317964e-05 4.119392975842519461e-06 1.695361497149338020e-03
1.219669616904848292e-05 4.169829336661012637e-06 1.696353960107221861e-03
1.208501858917934812e-05 4.221084805904172052e-06 1.697346381822920688e-03
1.196959069592516533e-05 4.252909323466093025e-06 1.698339021611717289e-03
1.185303300350097872e-05 4.296569076102552531e-06 1.699330908061599636e-03
1.173820235963630755e-05 4.352762738917979792e-06 1.700322648401757404e-03
1.162044148930778106e-05 4.407188860360305535e-06 1.701314166697844108e-03
1.148357085255248929e-05 4.447180344809765423e-06 1.702303621222677962e-03
1.133232908026824129e-05 4.471753102537953622e-06 1.703291806538527811e-03
1.118128297114298102e-05 4.500438649570403898e-06 1.704279916614967905e-03
1.102986895339205892e-05 4.530658133766953761e-06 1.705267924714833246e-03
1.087810432141743391e-05 4.562372731674589755e-06 1.706255832133286160e-03
1.072608537200427792e-05 4.595547060632967726e-06 1.707243652566069539e-03
1.057380087096124715e-05 4.629966954750567662e-06 1.708231389558962070e-03
1.042116280826897620e-05 4.665263984553995804e-06 1.709219041110509197e-03
1.026810381147881793e-05 4.701020913842416109e-06 1.710206611017114648e-03
1.011466425235621911e-05 4.736878301909764499e-06 1.711194118241356026e-03
9.960873993164085313e-06 4.772423979569517944e-06 1.712181582143070847e-03
9.805275694923608202e-06 4.789276469845145881e-06 1.713169100834480586e-03
9.652114831094638566e-06 4.819366842947385779e-06 1.714156421339296452e-03
9.503311875463758281e-06 4.863668500111817024e-06 1.715144215137539771e-03
9.392595389090694968e-06 4.923101853085127000e-06 1.716135301586329837e-03
9.225150033113929007e-06 4.949123974855209898e-06 1.717115147659630577e-03
9.019932550450366937e-06 4.945591362933689851e-06 1.718092351887661427e-03
8.856687980717991147e-06 4.966927426081250790e-06 1.719078697803265009e-03
8.688669110498668937e-06 4.988032177073970197e-06 1.720064255175406728e-03
8.526587766565195132e-06 5.002010176266351408e-06 1.721050890719728454e-03
8.364405099613169569e-06 5.017030215651971012e-06 1.722037489822016761e-03
8.195277613037649044e-06 5.036000823742816407e-06 1.723022896499676413e-03
8.025691458942822438e-06 5.051367641843417249e-06 1.724008291841941203e-03
7.856937847814369526e-06 5.065493912043594219e-06 1.724993848472384551e-03
7.689817678758083914e-06 5.078334071420078125e-06 1.725979700641672165e-03
7.525018702865732288e-06 5.089759619672413834e-06 1.726965960451571584e-03
7.362587546987141473e-06 5.086792770517620960e-06 1.727952583137329270e-03
7.206300975729046954e-06 5.101535551313460730e-06 1.728939693539745248e-03
7.055193834372694595e-06 5.129345591653432618e-06 1.729927669097345265e-03
6.930174454113603239e-06 5.163546057156552316e-06 1.730918621339024629e-03
6.759125553409733610e-06 5.167528086997337775e-06 1.731899700048639135e-03
6.558312195148450825e-06 5.145506888701237941e-06 1.732877675200859922e-03
6.397930768310429095e-06 5.151086996093636480e-06 1.733864707883588010e-03
6.231037559319170183e-06 5.154331347129473467e-06 1.734850671743158948e-03
6.058294872400599268e-06 5.155272964326823617e-06 1.735835633745018512e-03
5.880645192564697916e-06 5.154142351815607515e-06 1.736819723955769154e-03
5.699218621779821832e-06 5.151276389097872041e-06 1.737803122619757668e-03
5.515224156143401941e-06 5.146990022215949813e-06 1.738786039867458704e-03
5.329642542855596583e-06 5.140501835791117912e-06 1.739768645780895382e-03
5.144444371163841954e-06 5.135648134211966521e-06 1.740751328497331350e-03
4.960812156468227586e-06 5.132130611593501306e-06 1.741734314484623229e-03
4.778792479847777725e-06 5.120247381127084955e-06 1.742717517015767402e-03
4.601527184680459094e-06 5.126354857183794071e-06 1.743701323399004469e-03
4.442186323575556397e-06 5.140070721289472785e-06 1.744688141064808153e-03
4.300203578206758190e-06 5.154015277741147427e-06 1.745677669226025890e-03
4.111877533255444062e-06 5.148374104319955467e-06 1.746657369684421514e-03
3.904014587073451196e-06 5.123219365949299654e-06 1.747634083052599166e-03
3.731385318166014930e-06 5.126455850537576767e-06 1.748619057539334276e-03
3.553087438561764405e-06 5.125414871099785916e-06 1.749603027630504404e-03
3.369915626854166928e-06 5.120194906796810313e-06 1.750586089971464029e-03
3.182852211665420212e-06 5.110947647865829664e-06 1.751568390897876790e-03
2.993026349121665852e-06 5.097851908558776165e-06 1.752550118903233901e-03
2.801715450247498087e-06 5.081311622066021107e-06 1.753531507747760516e-03
2.610297725988343798e-06 5.061994344071184445e-06 1.754512825484496035e-03
2.420123666452538792e-06 5.040538087764216894e-06 1.755494340480615294e-03
2.232472939615685802e-06 5.017559516315207360e-06 1.756476305976150103e-03
2.048305919544319805e-06 4.992367875846263296e-06 1.757458874748137143e-03
1.869465923385773325e-06 4.980502394907146880e-06 1.758442546718716557e-03
1.696945140522443421e-06 4.977967717052461114e-06 1.759427514480310824e-03
1.534845524201814995e-06 4.975114043998461508e-06 1.760414217612098122e-03
1.351030464624256119e-06 4.951751420117200696e-06 1.761395889428585704e-03
1.155650202685716998e-06 4.917220262188944389e-06 1.762375473444021887e-03
9.836066313624443519e-07 4.906083249797663667e-06 1.763360499449195817e-03
8.084345810426805490e-07 4.892956692360961839e-06 1.764344945048658408e-03
6.287909902219093433e-07 4.876077963401523681e-06 1.765328527920075313e-03
4.454061764639044485e-07 4.855636474905942927e-06 1.766311353744244410e-03
2.591642516289492945e-07 4.832105331393489830e-06 1.767293574056456092e-03
7.103993288720037228e-08 4.805966952326958737e-06 1.768275370463599176e-03
-1.155346101413331879e-07 4.776949804407846139e-06 1.769257378181390492e-03
-2.998309339692954845e-07 4.745726633645639523e-06 1.770239752735915540e-03
-4.846582249347006089e-07 4.714214694970253212e-06 1.771222018355696117e-03
-6.682417369258929896e-07 4.682866391984193245e-06 1.772204521054388752e-03
-8.478200574996589909e-07 4.658972601562022262e-06 1.773187940485796300e-03
-1.022945950135649161e-06 4.638956098736070529e-06 1.774172270524819201e-03
-1.193498837916314104e-06 4.616494158383676236e-06 1.775157356669008861e-03
-1.374538110952986709e-06 4.581611097353984616e-06 1.776139987648005843e-03
-1.557735925902640567e-06 4.543418622800880226e-06 1.777122136762134073e-03
-1.727689668211147520e-06 4.519489460635483060e-06 1.778107298174511682e-03
-1.899090580247996298e-06 4.492946485187682770e-06 1.779092137784416602e-03
-2.072490009136144166e-06 4.462412760718124227e-06 1.780076514672784653e-03
-2.247268185159199167e-06 4.429354620281458485e-06 1.781060566519833757e-03
-2.422992980279973906e-06 4.394120934569214521e-06 1.782044374551441501e-03
-2.599183223759514383e-06 4.357105539879498921e-06 1.783028034178410839e-03
-2.775350457196385750e-06 4.318888256704723812e-06 1.784011652168130541e-03
-2.951008889604995558e-06 4.280086727355418974e-06 1.784995338288581333e-03
-3.125679253314320809e-06 4.241215279952662393e-06 1.785979197462537246e-03
-3.298176240265448085e-06 4.203924723827248481e-06 1.786963498786521987e-03
-3.468466810463994065e-06 4.169215652107891097e-06 1.787948280534861975e-03
-3.637112031174487938e-06 4.135542576705686772e-06 1.788933381353424463e-03
-3.802755417687354311e-06 4.104161698948723697e-06 1.789919062765178530e-03
-3.970702845765072342e-06 4.069179837110878687e-06 1.790904205887206870e-03
-4.138507954176181273e-06 4.033446099763958325e-06 1.791889344055400124e-03
-4.300714506589459614e-06 4.004363004418925757e-06 1.792875672174842894e-03
-4.462545204730226383e-06 3.975268507612243121e-06 1.793862061705990812e-03
-4.624974510005937539e-06 3.942721112152535275e-06 1.794848238135899818e-03
-4.787450888756763001e-06 3.909043843582383518e-06 1.795834371483206668e-03
-4.949233809710183884e-06 3.877398593677296660e-06 1.796820689904598048e-03
-5.111461780072790574e-06 3.843881556559549290e-06 1.797806873284535714e-03
-5.274257090524445147e-06 3.808319927494250499e-06 1.798792891447695622e-03
-5.437749003432349791e-06 3.770469080220890322e-06 1.799778708892103580e-03
-5.602028603017943968e-06 3.730262304320702919e-06 1.800764302218503532e-03
-5.764766149799334170e-06 3.691181292366330550e-06 1.801750192130168945e-03
-5.927825877112061587e-06 3.650671640344141101e-06 1.802735963970736755e-03
-6.093470755716878799e-06 3.605572702785679512e-06 1.803721117651442291e-03
-6.254856234699590224e-06 3.569068305337900040e-06 1.804707280133063894e-03
-6.415082651034943983e-06 3.534354961793687643e-06 1.805693708125980738e-03
-6.577931785266237434e-06 3.493067342919023942e-06 1.806679491640279540e-03
-6.738704158888380443e-06 3.456090070875156998e-06 1.807665787618307346e-03
-6.897714918033504549e-06 3.422941658078708846e-06 1.808652505911534022e-03
-7.055317259134836692e-06 3.393084773234617852e-06 1.809639555754743046e-03
-7.211916782543837115e-06 3.365851967695200778e-06 1.810626841741295231e-03
-7.368009551924439091e-06 3.340346561464490676e-06 1.811614254589649729e-03
-7.524188081640163108e-06 3.315460869204229483e-06 1.812601669862138904e-03
-7.681681204847673808e-06 3.287676474448735063e-06 1.813588793730501990e-03
-7.840376259430192676e-06 3.258171227221513001e-06 1.814575679287853092e-03
-8.000054178375725473e-06 3.228511726717795688e-06 1.815562400633833999e-03
-8.163075444566682089e-06 3.188899262802211084e-06 1.816548188293268858e-03
-8.329797009492687632e-06 3.141742684105356674e-06 1.817533062287145576e-03
-8.498920681059396505e-06 3.092886654696037190e-06 1.818517439459802713e-03
-8.667099942914679111e-06 3.049225086498011443e-06 1.819502185075775203e-03
-8.835817407220007810e-06 3.008033339683338072e-06 1.820486957547959393e-03
-9.010583561231015262e-06 2.950871145173167234e-06 1.821469861213755731e-03
-9.188501471485040003e-06 2.886219787514338193e-06 1.822451778609535892e-03
-9.366180496200952402e-06 2.825542074920436651e-06 1.823433992440174917e-03
-9.543417195389667962e-06 2.769080159395655031e-06 1.824416537358852005e-03
-9.720157307871615484e-06 2.716739019754132016e-06 1.825399400209671511e-03
-9.896303481119759278e-06 2.668328401153383203e-06 1.826382571064206432e-03
-1.007168348158781478e-05 2.623604554299921201e-06 1.827366053918207979e-03
-1.024629697366776052e-05 2.581991080931495103e-06 1.828349810186768315e-03
-1.042028795739995989e-05 2.542658767574117932e-06 1.829333771204254798e-03
-1.059383273935737291e-05 2.504678942462800570e-06 1.830317864437882094e-03
-1.077280809055989717e-05 2.451774141447275407e-06 1.831300134258402688e-03
-1.095569889631046828e-05 2.390739674639122742e-06 1.832281311735268516e-03
-1.113434146840579435e-05 2.342521622009523081e-06 1.833264040904903410e-03
-1.131115771903946565e-05 2.309165945599451019e-06 1.834247621189504570e-03
-1.149452834893613884e-05 2.270691264685010148e-06 1.835229642949138228e-03
-1.168555980098874945e-05 2.205142401717686185e-06 1.836209026905350882e-03
-1.187734663657834643e-05 2.136717293313543816e-06 1.837188072855020643e-03
-1.207184846141414883e-05 2.071558800354934165e-06 1.838166806365354282e-03
-1.226865966214897822e-05 2.009451236240353772e-06 1.839145277016632218e-03
-1.246712242615424244e-05 1.950162679699167905e-06 1.840123589483839712e-03
-1.266670277536693531e-05 1.893162262681956648e-06 1.841101811089053061e-03
-1.286696211212516818e-05 1.837706362069524459e-06 1.842079983105030915e-03
-1.306745231848676005e-05 1.782975774052706961e-06 1.843058148842440392e-03
-1.326757392849898468e-05 1.728234886188256408e-06 1.844036389412927104e-03
-1.346681188759571826e-05 1.672699960023241687e-06 1.845014765320736761e-03
-1.367352033657435579e-05 1.594659181742327188e-06 1.845989727381823747e-03
-1.387998211891492330e-05 1.515184160423883287e-06 1.846964570966034419e-03
-1.407792843709989320e-05 1.451824806357416990e-06 1.847942668148506561e-03
-1.428060365840954683e-05 1.402527173469698525e-06 1.848920283962279896e-03
-1.449133729085963428e-05 1.342550609313391338e-06 1.849895040823682814e-03
-1.470817400008619384e-05 1.233849102936513057e-06 1.850865169686785171e-03
-1.492414701676787121e-05 1.133251867989358844e-06 1.851836282620785215e-03
-1.514200921047176282e-05 1.045209244000699051e-06 1.852808276811355147e-03
-1.536472973918903237e-05 9.568237261960779405e-07 1.853779141572000928e-03
-1.559063973921335713e-05 8.713407092248347283e-07 1.854749529678109687e-03
-1.581869362118345579e-05 7.891208885796576337e-07 1.855719698626082798e-03
-1.604758181374027660e-05 7.105017764252082100e-07 1.856689969563020490e-03
-1.627601255597245101e-05 6.356409374489492239e-07 1.857660645289735835e-03
-1.650290227790840610e-05 5.644317396303710126e-07 1.858631956773446840e-03
-1.672742704946951831e-05 4.965112593944989295e-07 1.859604053049767648e-03
-1.695971741430410206e-05 4.075795677976102871e-07 1.860572265699771220e-03
-1.718683441842115965e-05 3.238020666239504138e-07 1.861541802123732863e-03
-1.739942400316082927e-05 2.637452416689204582e-07 1.862517014578480949e-03
-1.762440871065973006e-05 2.205860028369238420e-07 1.863489853719926641e-03
-1.785666202771285199e-05 1.635593206711975218e-07 1.864459453176093608e-03
-1.808506560371490483e-05 5.044589892619578735e-08 1.865426425941496807e-03
-1.831420473341790662e-05 -5.226229037311096720e-08 1.866394310991436115e-03
-1.854811237871216342e-05 -1.434398824710461010e-07 1.867362278240363056e-03
-1.878800906046868767e-05 -2.375171837761238991e-07 1.868328502289381791e-03
-1.903052135071809579e-05 -3.263101212439575893e-07 1.869294549486948207e-03
-1.927568486011920176e-05 -4.138383242082990208e-07 1.870260034129537629e-03
-1.952515848611044910e-05 -5.094222958972772793e-07 1.871223686612389324e-03
-1.977538427447686253e-05 -6.040778715433418304e-07 1.872187235842006931e-03
-2.002521176848576201e-05 -6.975752881115055715e-07 1.873151001107521609e-03
-2.027326471277237995e-05 -7.896152946295775946e-07 1.874115364251497870e-03
-2.052884855026966226e-05 -8.983506434278947313e-07 1.875075744402844406e-03
-2.077639169465994495e-05 -9.916411541857805386e-07 1.876038829985379915e-03
-2.100522027454127240e-05 -1.053399786594748010e-06 1.877010071062183184e-03
-2.125301821481211640e-05 -1.117787363450628220e-06 1.877976350960102511e-03
-2.150273373325826569e-05 -1.200039469423823176e-06 1.878939567421188204e-03
-2.173755655809541255e-05 -1.330761124035908096e-06 1.879902630240781573e-03
-2.197515785997764863e-05 -1.436396900148219651e-06 1.880868206048997692e-03
-2.221695633245666474e-05 -1.537159538098215641e-06 1.881833279281451120e-03
-2.246164764901850488e-05 -1.644560767946971380e-06 1.882796907213571576e-03
-2.270899132438301140e-05 -1.758079047447273486e-06 1.883759157045267890e-03
-2.295897382266280754e-05 -1.877067564245147075e-06 1.884720063753664993e-03
-2.321139834579896176e-05 -2.000625742740290650e-06 1.885679756714300076e-03
-2.346557148910757962e-05 -2.127519787648957102e-06 1.886638553601680500e-03
-2.372023398728527992e-05 -2.253944270724625254e-06 1.887597280618929108e-03
-2.397557336494769348e-05 -2.379627497577641060e-06 1.888555923306383267e-03
-2.423985172433134870e-05 -2.517032552101842292e-06 1.889510429157270979e-03
-2.449791899743570940e-05 -2.634296298049857460e-06 1.890468343124655174e-03
-2.474529438000757798e-05 -2.714747357830000148e-06 1.891433675288012664e-03
-2.500779932820688164e-05 -2.811383785607387671e-06 1.892393738111278721e-03
-2.525507333741256347e-05 -2.935450182362340805e-06 1.893354097163619902e-03
-2.549445602677598632e-05 -3.079021422639396448e-06 1.894314037034743135e-03
-2.574098151162705094e-05 -3.190863819300030461e-06 1.895276690635179680e-03
-2.598663824586682056e-05 -3.301874468323978053e-06 1.896239658747570465e-03
-2.622942997206367639e-05 -3.421630929482676910e-06 1.897202306983987886e-03
-2.647052966381747044e-05 -3.549599854671065632e-06 1.898164325776528511e-03
-2.671077459738674782e-05 -3.684742066872700563e-06 1.899125579322351581e-03
-2.695145945078890391e-05 -3.825836603236451548e-06 1.900085868830059688e-03
-2.719416628499958158e-05 -3.971496214360846238e-06 1.901044967618246116e-03
-2.744049524478789248e-05 -4.120167306116271097e-06 1.902002679882837388e-03
-2.769157666476096272e-05 -4.270072288176705738e-06 1.902958963998745579e-03
-2.794957013365391367e-05 -4.421187691151388975e-06 1.903913207364878006e-03
-2.820283969467001978e-05 -4.549409341094460178e-06 1.904871616302815460e-03
-2.845669536550506863e-05 -4.661021764687147534e-06 1.905832185809682409e-03
-2.872688655328731105e-05 -4.781412293169530353e-06 1.906787406898323260e-03
-2.898670592641237409e-05 -4.912955240048898854e-06 1.907743742119097450e-03
-2.924133735074152573e-05 -5.047560385192211618e-06 1.908701070136990460e-03
-2.950856854581903214e-05 -5.155816681495945088e-06 1.909658596060336781e-03
-2.977694180261834602e-05 -5.261214719420937522e-06 1.910616127462644569e-03
-3.004487521216215554e-05 -5.368113919294653638e-06 1.911573615584425193e-03
-3.031356522101836845e-05 -5.476889012765185403e-06 1.912530679821232253e-03
-3.058452602384016526e-05 -5.587929304757974103e-06 1.913486841836686131e-03
-3.085929306471517928e-05 -5.701555809456683603e-06 1.914441611251066488e-03
-3.113890754596653138e-05 -5.817886341956645920e-06 1.915394645013260202e-03
-3.142426819586271737e-05 -5.936940721317760682e-06 1.916345635219516598e-03
-3.171640275547573187e-05 -6.058721063804995520e-06 1.917294218440284900e-03
-3.201638992631051199e-05 -6.183197877264326975e-06 1.918239993941730104e-03
-3.231612511273747866e-05 -6.298375152148324137e-06 1.919186945238127596e-03
-3.261957390387154279e-05 -6.409478564535146903e-06 1.920133176869750699e-03
-3.293060871644140679e-05 -6.536187002926955862e-06 1.921075065130920575e-03
-3.324323445652805823e-05 -6.662925058334905214e-06 1.922016400447716569e-03
-3.356384774610952790e-05 -6.782383381208500784e-06 1.922956047281126034e-03
-3.388597341312173946e-05 -6.901872623133039489e-06 1.923895172811602820e-03
-3.420960322687044988e-05 -7.021578965554284455e-06 1.924833753358462345e-03
-3.453497089422859830e-05 -7.141803979123742297e-06 1.925771666236732616e-03
-3.486226630854481593e-05 -7.262865894670181474e-06 1.926708800425341959e-03
-3.519131883043351950e-05 -7.384927078513316772e-06 1.927645189471815807e-03
-3.552202496993097221e-05 -7.508140342995389253e-06 1.928580844694163191e-03
-3.585449932012344871e-05 -7.632756391372285269e-06 1.929515686918806261e-03
-3.618892412019313569e-05 -7.759094460446939247e-06 1.930449601559393324e-03
-3.652521205738265363e-05 -7.887285725573979652e-06 1.931382594477567150e-03
-3.685993101902299192e-05 -8.015388497084341231e-06 1.932316159237462520e-03
-3.719396314462251597e-05 -8.142774904338259865e-06 1.933250069388246090e-03
-3.753153049930946298e-05 -8.272764976097850750e-06 1.934182348782227927e-03
-3.786975945602898868e-05 -8.405111068137831025e-06 1.935114059821896500e-03
-3.820714959828050195e-05 -8.537586492484182588e-06 1.936046056591615803e-03
-3.854384732148295636e-05 -8.670342136012161891e-06 1.936978263893422529e-03
-3.888011004594100166e-05 -8.803730343428024959e-06 1.937910537851699096e-03
-3.921617928285704561e-05 -8.938076185385348673e-06 1.938842744060945318e-03
-3.955222707830548316e-05 -9.073450658264238685e-06 1.939774809149354736e-03
-3.988851930138961123e-05 -9.210020125619717220e-06 1.940706611604219034e-03
-4.022535669251402820e-05 -9.348138088562802156e-06 1.941637988542521242e-03
-4.056299162049143743e-05 -9.488219297115866558e-06 1.942568783073397344e-03
-4.090162188632308446e-05 -9.630392442660380399e-06 1.943498898597681174e-03
-4.124143471180173257e-05 -9.774676273510163281e-06 1.944428257326440753e-03
-4.158256981520603576e-05 -9.921260899750346599e-06 1.945356771017436176e-03
-4.189866524410431437e-05 -1.003898069797911472e-05 1.946297131516579355e-03
-4.220981306314674586e-05 -1.015195764479212281e-05 1.947239839292197287e-03
-4.254150665603027934e-05 -1.029038773676309978e-05 1.948172963389646888e-03
-4.286110803844487785e-05 -1.041538663305766468e-05 1.949112189687773108e-03
-4.316928217224904663e-05 -1.052848962996857333e-05 1.950056738249228167e-03
-4.346728615335266363e-05 -1.063169835861608218e-05 1.951005683282226386e-03
-4.375702552051449534e-05 -1.072721630203352432e-05 1.951957997596885999e-03
-4.404072467817713148e-05 -1.081791564939374805e-05 1.952912607010555326e-03
-4.432072088751271152e-05 -1.090724304049419947e-05 1.953868442205819803e-03
-4.459945876152035380e-05 -1.099879728049098342e-05 1.954824433495905810e-03
-4.487961896135719993e-05 -1.109578583428778854e-05 1.955779467418610265e-03
-4.516375648071894208e-05 -1.120126674059096288e-05 1.956732414351430426e-03
-4.545398628183064730e-05 -1.131822648994968335e-05 1.957682168228523211e-03
-4.575177855838863985e-05 -1.144947529594068523e-05 1.958627691423226076e-03
-4.605850556449389289e-05 -1.159673407486221856e-05 1.959567977400874378e-03
-4.634689085098370648e-05 -1.168777888327728035e-05 1.960519304752934237e-03
-4.665303509120866137e-05 -1.180674298308284039e-05 1.961460823186192762e-03
-4.698189216425019475e-05 -1.197515701494025766e-05 1.962390016917701669e-03
-4.730719792698497510e-05 -1.212975890235406368e-05 1.963322882786389112e-03
-4.763200639748426150e-05 -1.227345986930108580e-05 1.964257667440366933e-03
-4.795606214248809504e-05 -1.240815340633415007e-05 1.965194058642795883e-03
-4.827878671584546458e-05 -1.253645841599681101e-05 1.966131810840357399e-03
-4.859952733610829945e-05 -1.266135395618607860e-05 1.967070705936815097e-03
-4.891806296193627792e-05 -1.278560200862329228e-05 1.968010437839423643e-03
-4.923422258797763464e-05 -1.291203691702143436e-05 1.968950678134306215e-03
-4.954754532278945952e-05 -1.304377206624694192e-05 1.969891135361264822e-03
-4.985709142906862837e-05 -1.318421600190239739e-05 1.970831572469962639e-03
-5.016230230926876926e-05 -1.333620619665276544e-05 1.971771626527228302e-03
-5.046328021945568643e-05 -1.350168235154074740e-05 1.972710759341219592e-03
-5.075960601630599147e-05 -1.368263139195708977e-05 1.973648509373633272e-03
-5.104974058136545732e-05 -1.381883748236337286e-05 1.974593558695921739e-03
-5.135745872499350673e-05 -1.396797804846212500e-05 1.975526340669022090e-03
-5.168139172630088752e-05 -1.422257945010510301e-05 1.976436565446380508e-03
-5.198076740137564750e-05 -1.443590813800773914e-05 1.977366538903379753e-03
-5.228676865188350325e-05 -1.464735557971163267e-05 1.978294787141576111e-03
-5.259740190714182212e-05 -1.485794376804302168e-05 1.979221694497724712e-03
-5.291069358184403710e-05 -1.506858153256457748e-05 1.980147696082811860e-03
-5.322526982921103048e-05 -1.527966717006987231e-05 1.981073160472101614e-03
-5.353885353134473147e-05 -1.549223037232892337e-05 1.981998622245665590e-03
-5.384864264193093213e-05 -1.570763809790653848e-05 1.982924698451520636e-03
-5.415159255231627292e-05 -1.592739682769021305e-05 1.983852010849292743e-03
-5.444596014248132031e-05 -1.615207559077382101e-05 1.984780902140808028e-03
-5.472974438806871994e-05 -1.638244376875498546e-05 1.985711685319380918e-03
-5.500076612493260005e-05 -1.661939009631292291e-05 1.986644610224241880e-03
-5.525675104402413276e-05 -1.686382707845078880e-05 1.987579839016316661e-03
-5.550600526007199375e-05 -1.708236790803851053e-05 1.988521822734360279e-03
-5.576921151644626554e-05 -1.728022033852788029e-05 1.989459289370412026e-03
-5.602414934171879858e-05 -1.764021617147006814e-05 1.990355068360660524e-03
-5.625028279770645441e-05 -1.791505544401762628e-05 1.991289581254652736e-03
-5.647846673246366222e-05 -1.819732324892158273e-05 1.992221379551016233e-03
-5.670874756251032130e-05 -1.848570624311418151e-05 1.993150788168758080e-03
-5.694010572474610360e-05 -1.877918540612835802e-05 1.994078333458276005e-03
-5.717099900993771164e-05 -1.907676489690721101e-05 1.995004687758384406e-03
-5.739923839330446337e-05 -1.937751435620727527e-05 1.995930675519938524e-03
-5.762296620628260999e-05 -1.968025465418250119e-05 1.996857115460116613e-03
-5.784137911006112412e-05 -1.998349624619033456e-05 1.997784658039652560e-03
-5.805276892407808161e-05 -2.028608371379658805e-05 1.998714038552504464e-03
-5.825536934621322447e-05 -2.058692687271377207e-05 1.999645937311663596e-03
-5.844626157962003432e-05 -2.088519929805038422e-05 2.000581129234038375e-03
-5.862553601342803517e-05 -2.117965355148193000e-05 2.001519823696774631e-03
-5.879450862494509230e-05 -2.146566628120494738e-05 2.002462831291804916e-03
-5.899196521275849251e-05 -2.168052456171202928e-05 2.003418360118187740e-03
-5.913136063392017427e-05 -2.210572225867542324e-05 2.004312472170271045e-03
-5.927244205677402325e-05 -2.240499995413987419e-05 2.005256149410555074e-03
-5.941049144741474778e-05 -2.271441208175204566e-05 2.006197002634906544e-03
-5.954532967455784874e-05 -2.303265265282653339e-05 2.007135373767286821e-03
-5.967668920562798897e-05 -2.335803099711415920e-05 2.008071788532520691e-03
-5.980256490964849976e-05 -2.368832585567401137e-05 2.009007235050846128e-03
-5.992443555990443213e-05 -2.402141331537113449e-05 2.009942221661302399e-03
-6.004198300571226714e-05 -2.435493053463893767e-05 2.010877608429668516e-03
-6.015486366328026354e-05 -2.468646016799762346e-05 2.011814275408348694e-03
-6.026179136518460948e-05 -2.501339378301862295e-05 2.012753253203259946e-03
-6.036261016390602973e-05 -2.533342657570247146e-05 2.013695278970962892e-03
-6.045786588763814166e-05 -2.564471841763329231e-05 2.014640805791751733e-03
-6.054731918671499025e-05 -2.594556706579640207e-05 2.015590271265386285e-03
-6.063111345503910139e-05 -2.623401705542160602e-05 2.016544069590871149e-03
-6.073126141402764369e-05 -2.648146860481823435e-05 2.017507559589125019e-03
-6.075728810535093816e-05 -2.687329692295712638e-05 2.018427111263239229e-03
-6.081482048710102175e-05 -2.715713601252799648e-05 2.019384254237796116e-03
-6.086287155027215930e-05 -2.744956751413230427e-05 2.020339331349852840e-03
-6.090117162062217847e-05 -2.774886150917282396e-05 2.021292722219512981e-03
-6.093108271385033254e-05 -2.805351494774468353e-05 2.022244715001970256e-03
-6.095433347977460332e-05 -2.836185243737437208e-05 2.023195707414916344e-03
-6.097211207860367296e-05 -2.867165006569674462e-05 2.024146343400447072e-03
-6.098547446811064716e-05 -2.898041361300696654e-05 2.025097387818553755e-03
-6.099486436033518420e-05 -2.928516497340641773e-05 2.026049772832118432e-03
-6.100278077639697589e-05 -2.958423054198776594e-05 2.027003971299896293e-03
-6.101041389028361174e-05 -2.987540256926269941e-05 2.027960609459485575e-03
-6.101879568519573454e-05 -3.015669483040634344e-05 2.028920191678972636e-03
-6.102814026798665092e-05 -3.042593252454734863e-05 2.029883216024153548e-03
-6.103964658937092200e-05 -3.068219130678566153e-05 2.030849751176334612e-03
-6.105159064383028128e-05 -3.092895281011047974e-05 2.031818565821957336e-03
-6.101655690421704364e-05 -3.124033646267192503e-05 2.032768028451084272e-03
-6.101870198765119938e-05 -3.148494358248767646e-05 2.033737645997210023e-03
-6.101219359663976157e-05 -3.173362454547572263e-05 2.034706207793505767e-03
-6.099851568978907656e-05 -3.198619650803740338e-05 2.035673687943427481e-03
-6.097871056197672128e-05 -3.224156233049148930e-05 2.036640328802455466e-03
-6.095399027218595910e-05 -3.249836463515820811e-05 2.037606476066002557e-03
-6.092537223691979221e-05 -3.275448596663174141e-05 2.038572696759107222e-03
-6.089475014504202726e-05 -3.300884885663515612e-05 2.039539320348925273e-03
-6.086374625911211234e-05 -3.326004164636286184e-05 2.040506759945642963e-03
-6.083381566646895648e-05 -3.350647980018692040e-05 2.041475454444763131e-03
-6.080623160772626366e-05 -3.374638188039278492e-05 2.042445856612385129e-03
-6.078224301100766056e-05 -3.397823072055135307e-05 2.043418308859455777e-03
-6.076309202219681599e-05 -3.420153068120078584e-05 2.044392865760761169e-03
-6.074878723862371085e-05 -3.441571823183116845e-05 2.045369551126259653e-03
-6.073043933237315742e-05 -3.462514944036216555e-05 2.046347175036238551e-03
-6.070035005435657992e-05 -3.485089885668438272e-05 2.047320827344365803e-03
-6.069195424708946011e-05 -3.504721704840957141e-05 2.048301331357897485e-03
-6.068166209926939656e-05 -3.524175873158830988e-05 2.049282171365835944e-03
-6.066983936529506745e-05 -3.543439892799605140e-05 2.050263369306846908e-03
-6.065702094063887693e-05 -3.562459571595799770e-05 2.051245031314575650e-03
-6.064366237290840937e-05 -3.581226724568944736e-05 2.052227172116691777e-03
-6.063011162491838168e-05 -3.599777652662633352e-05 2.053209720970149317e-03
-6.061683851366564407e-05 -3.618100197800741649e-05 2.054192702007633271e-03
-6.060434481791282746e-05 -3.636170785292215082e-05 2.055176159268461838e-03
-6.059323926967290284e-05 -3.653910083832423954e-05 2.056160236309284225e-03
-6.058378573332859953e-05 -3.671389978992548947e-05 2.057144794599769563e-03
-6.057636517515872500e-05 -3.688601227139306804e-05 2.058129843406425984e-03
-6.057130098080293676e-05 -3.705531705436787082e-05 2.059115393361974754e-03
-6.056604383098388887e-05 -3.722178062785651303e-05 2.060101390956528382e-03
-6.053681753959172675e-05 -3.738967079206278928e-05 2.061086721262635289e-03
-6.053523150085430952e-05 -3.755056349784966396e-05 2.062073690689337959e-03
-6.052848537169295884e-05 -3.771004147793920305e-05 2.063060868068731287e-03
-6.051701814954160621e-05 -3.786788495552886890e-05 2.064048264749485974e-03
-6.050154922499599710e-05 -3.802364460958348286e-05 2.065035938022400860e-03
-6.048276146992356871e-05 -3.817786795821209538e-05 2.066023795032915535e-03
-6.046164677309208343e-05 -3.833045694026034246e-05 2.067011858985892941e-03
-6.043933281328934680e-05 -3.848124576052517747e-05 2.068000172858720353e-03
-6.041713315348944265e-05 -3.862961380247781058e-05 2.068988855623139517e-03
-6.039615890581383672e-05 -3.877585588501263687e-05 2.069977881681410795e-03
-6.037754745394601478e-05 -3.892001999978936808e-05 2.070967259753046710e-03
-6.036240103356920931e-05 -3.906197156814031601e-05 2.071957016367538106e-03
-6.035175191979793571e-05 -3.920136312417622868e-05 2.072947194921007617e-03
-6.034643337608662560e-05 -3.933798066729807892e-05 2.073937802854879022e-03
-6.034201893316759401e-05 -3.947239157393448220e-05 2.074928626480751579e-03
-6.030116389427828008e-05 -3.960570498153691076e-05 2.075918689626980902e-03
-6.031584480587996988e-05 -3.973249950528171947e-05 2.076910502299618086e-03
-6.031788257792885675e-05 -3.985868270674368033e-05 2.077902506147128944e-03
-6.031573057605514522e-05 -3.998242417931625582e-05 2.078894817498379288e-03
-6.030993471199390957e-05 -4.010387653419215161e-05 2.079887397265714997e-03
-6.030124069588586807e-05 -4.022315468065075896e-05 2.080880219679303623e-03
-6.029062489693238396e-05 -4.034013138414850494e-05 2.081873297373207365e-03
-6.027905801730716877e-05 -4.045508674419942731e-05 2.082866600582550329e-03
-6.026751498421344675e-05 -4.056849404573714983e-05 2.083860081988177411e-03
-6.025707441023524604e-05 -4.068055124533186226e-05 2.084853728650527729e-03
-6.024882242994907737e-05 -4.079134784134874511e-05 2.085847536978267889e-03
-6.024384630551555473e-05 -4.090075290428791079e-05 2.086841521111639820e-03
-6.024285400406035712e-05 -4.100939982550581972e-05 2.087835600111718690e-03
-6.024668192296418756e-05 -4.111842312112527656e-05 2.088829625504148423e-03
-6.025104155259340715e-05 -4.123567305394725235e-05 2.089822556750628967e-03
-6.020902261111301350e-05 -4.133944542724488471e-05 2.090815868869751962e-03
-6.025401633825902949e-05 -4.144187135682844594e-05 2.091809542879819253e-03
-6.026739731188910179e-05 -4.154849512079084549e-05 2.092803752047038210e-03
-6.027862670200074082e-05 -4.165415431131384014e-05 2.093798090859977975e-03
-6.028808953218149652e-05 -4.175869002728849774e-05 2.094792566842536719e-03
-6.029623688179118712e-05 -4.186206541702241888e-05 2.095787175818988272e-03
-6.030346052428425655e-05 -4.196459360967910496e-05 2.096781879655458102e-03
-6.031032542595245156e-05 -4.206631217344038420e-05 2.097776669158648612e-03
-6.031745132698899101e-05 -4.216722069572896955e-05 2.098771539254164036e-03
-6.032560941078463518e-05 -4.226701559509490441e-05 2.099766513741597312e-03
-6.033521874440020850e-05 -4.236612158042744831e-05 2.100761544054948696e-03
-6.034683144328173784e-05 -4.246454360431919077e-05 2.101756620805135360e-03
-6.036094216064697614e-05 -4.256224662117997684e-05 2.102751735991948735e-03
-6.037805436489109191e-05 -4.265898830526547664e-05 2.103746897958239537e-03
-6.039244330276853781e-05 -4.275627779480288283e-05 2.104741869029762898e-03
-6.035725044864866166e-05 -4.286649409333755952e-05 2.105734550661379073e-03
-6.042990581153423951e-05 -4.296049733880149819e-05 2.106727352679498098e-03
-6.045210837838482890e-05 -4.305831715346415602e-05 2.107722308756784704e-03
-6.047543450274346324e-05 -4.315969740324506219e-05 2.108716877455766529e-03
-6.049753738108774891e-05 -4.327144190416652497e-05 2.109710365804635598e-03
-6.051969371068576588e-05 -4.337540269595166177e-05 2.110704700253496820e-03
-6.054143415074541255e-05 -4.348107596976874409e-05 2.111698863459742902e-03
-6.056312801586544159e-05 -4.358735147566149027e-05 2.112692963501415586e-03
-6.058485047392366164e-05 -4.369349959313520920e-05 2.113687076488919309e-03
-6.060683809148622052e-05 -4.379854349767167568e-05 2.114681300821570544e-03
-6.062934792711298127e-05 -4.390150573551697373e-05 2.115675731007927822e-03
-6.065272581742620273e-05 -4.400137119062471318e-05 2.116670456759776452e-03
-6.067715132736282660e-05 -4.409741505890769577e-05 2.117665533445995622e-03
-6.070274878138635092e-05 -4.418906902735967446e-05 2.118660994472533910e-03
-6.072448216970939544e-05 -4.427695741607941472e-05 2.119656708958517037e-03
-6.068710795507729487e-05 -4.437381491076864293e-05 2.120650690921852249e-03
-6.077652146971362419e-05 -4.445587446534743755e-05 2.121643174534634021e-03
-6.080431664448654645e-05 -4.453467932388833122e-05 2.122639677012083496e-03
-6.083137166158527736e-05 -4.461325502103240286e-05 2.123636217963103655e-03
-6.085790609224643003e-05 -4.469161966766985427e-05 2.124632789536678654e-03
-6.088433829314861604e-05 -4.476971188345554295e-05 2.125629385213768843e-03
-6.091068371205620704e-05 -4.484814047055692729e-05 2.126625954738312323e-03
-6.093536397079542298e-05 -4.493382848141124663e-05 2.127621960991148316e-03
-6.096112790199288538e-05 -4.500092280117562525e-05 2.128619372201703483e-03
-6.098882084660042779e-05 -4.507805670685980016e-05 2.129616008255852573e-03
-6.101734536733872694e-05 -4.515481820848269193e-05 2.130612649600211340e-03
-6.104694635855759729e-05 -4.523126562172082060e-05 2.131609283681622051e-03
-6.107791395668719903e-05 -4.530743571662915030e-05 2.132605897451209792e-03
-6.111055452303621588e-05 -4.538336742014888707e-05 2.133602476004011015e-03
-6.114182816224479839e-05 -4.545904750120516481e-05 2.134599002336351643e-03
-6.110727976187598789e-05 -4.553232190890684248e-05 2.135595326272267565e-03
-6.121108756021207222e-05 -4.558886784746178606e-05 2.136588238852503343e-03
-6.124868640592689626e-05 -4.565742154444746076e-05 2.137585177262528446e-03
-6.128664987777574825e-05 -4.572184386282989235e-05 2.138582377426188810e-03
-6.132487930340196588e-05 -4.578265583878096407e-05 2.139579794186699004e-03
-6.136346684094864511e-05 -4.584055435234229780e-05 2.140577370581710995e-03
-6.140251910828196014e-05 -4.589636507965632765e-05 2.141575047910925823e-03
-6.144227157882046618e-05 -4.595107242528340938e-05 2.142572758710810463e-03
-6.148276971801540489e-05 -4.600564348170772832e-05 2.143570446984060466e-03
-6.152405680055863027e-05 -4.606104390447856851e-05 2.144568057208088869e-03
-6.156623407360637692e-05 -4.611825228542312414e-05 2.145565528149413845e-03
-6.160413666481045158e-05 -4.619209765901292355e-05 2.146562077034277257e-03
-6.164808780483849019e-05 -4.625690519615456982e-05 2.147559006113228253e-03
-6.169306043769290273e-05 -4.631687393607928125e-05 2.148556192651162201e-03
-6.173782394626265368e-05 -4.639230237564708945e-05 2.149552337205478704e-03
-6.171178412202275713e-05 -4.644311945524327975e-05 2.150550668468587980e-03
-6.183049631885481200e-05 -4.650740267128809845e-05 2.151541346267298992e-03
-6.187954894579375054e-05 -4.658213044860154189e-05 2.152537290677985962e-03
-6.192843173924000161e-05 -4.665144825438088380e-05 2.153533686639253278e-03
-6.197853417911232930e-05 -4.671568728039719433e-05 2.154530362452786521e-03
-6.202991388866900362e-05 -4.677594648118892735e-05 2.155527221891089234e-03
-6.208236578574599152e-05 -4.683326184829908294e-05 2.156524199153062905e-03
-6.213569674151684459e-05 -4.688886253319379653e-05 2.157521226913403783e-03
-6.218975062876075128e-05 -4.694415422452449148e-05 2.158518232930675511e-03
-6.224444104002997279e-05 -4.700072026641475908e-05 2.159515132715492981e-03
-6.229962642392158586e-05 -4.706004174273313080e-05 2.160511844989209188e-03
-6.235503393770596629e-05 -4.712327253829094910e-05 2.161508304462101283e-03
-6.241051823360566693e-05 -4.719157901149906162e-05 2.162504424457318674e-03
-6.246598138141071243e-05 -4.726596526531676233e-05 2.163500109896573671e-03
-6.251984992108025380e-05 -4.734647242354339726e-05 2.164495336088686182e-03
-6.250619117858845035e-05 -4.739373794687117692e-05 2.165493885430346335e-03
-6.263960439872877275e-05 -4.747518848950648925e-05 2.166481539229740769e-03
-6.269796970091780241e-05 -4.755849028664428560e-05 2.167476352676333661e-03
-6.275843403669353340e-05 -4.763683772599771135e-05 2.168471443309948586e-03
-6.282066972452995512e-05 -4.771077270300261861e-05 2.169466762416435209e-03
-6.288436459221296356e-05 -4.778122868371012700e-05 2.170462241614305558e-03
-6.294919362364220826e-05 -4.784941999065172192e-05 2.171457805338415648e-03
-6.301488874613882024e-05 -4.791693198207339755e-05 2.172453358588768025e-03
-6.308106927718158110e-05 -4.798524282200825075e-05 2.173448825182631126e-03
-6.314725003736111988e-05 -4.805560154063463220e-05 2.174444149102585950e-03
-6.321305776534177825e-05 -4.812944557458856409e-05 2.175439245252090269e-03
-6.327818189892342709e-05 -4.820819667791466010e-05 2.176434010093637392e-03
-6.333817694842507854e-05 -4.828314491650178414e-05 2.177429391103888247e-03
-6.340305887867753024e-05 -4.837594942878659012e-05 2.178422958931498180e-03
-6.346451696969357631e-05 -4.847517912512700248e-05 2.179416123681208062e-03
-6.347009570184670285e-05 -4.849973661651890494e-05 2.180415791281830207e-03
-6.360112631290416331e-05 -4.863708597120062631e-05 2.181397483215372947e-03
-6.366571697911303741e-05 -4.874111511207287502e-05 2.182389912098497715e-03
-6.373197497667746681e-05 -4.883980983583138797e-05 2.183382821322960368e-03
-6.378686746004577288e-05 -4.896221383604037639e-05 2.184373776237077958e-03
-6.386233836823953451e-05 -4.904152919813420039e-05 2.185367740977789668e-03
-6.393363300472556718e-05 -4.913365672858987707e-05 2.186360930214407278e-03
-6.400500398739671104e-05 -4.922694348881547567e-05 2.187354008128804782e-03
-6.407619622783741981e-05 -4.932215423745892508e-05 2.188346916219252244e-03
-6.414688986453248934e-05 -4.942050237658381225e-05 2.189339553994849343e-03
-6.421682337613274694e-05 -4.952333243700079247e-05 2.190331791174167202e-03
-6.428554524559768025e-05 -4.963105657904167659e-05 2.191323593549425984e-03
-6.435280084913464426e-05 -4.974440989711495162e-05 2.192314868732481246e-03
-6.441841117962538788e-05 -4.986396891842287773e-05 2.193305524762289172e-03
-6.448238534481657246e-05 -4.999064905610983695e-05 2.194295402203712362e-03
-6.450346362038313476e-05 -5.002951209961935399e-05 2.195294216320845763e-03
-6.462357120330811729e-05 -5.021650763388364031e-05 2.196268338888423318e-03
-6.469328567756161576e-05 -5.035245351410151860e-05 2.197256395464334319e-03
-6.476289961293902101e-05 -5.048235607479137208e-05 2.198245474932186607e-03
-6.483569724505287098e-05 -5.060971217137639892e-05 2.199234656410248203e-03
-6.491133362420747281e-05 -5.073470087346490916e-05 2.200223926934167292e-03
-6.498939997560124800e-05 -5.085788144497123653e-05 2.201213235604616153e-03
-6.505125967466416118e-05 -5.101883426947393003e-05 2.202198193260666848e-03
-6.512988579477775705e-05 -5.114712298479053395e-05 2.203186746885217942e-03
-6.521658274634830829e-05 -5.126050717718805147e-05 2.204176500457446716e-03
-6.529439682764095316e-05 -5.139462364139093929e-05 2.205164382698430146e-03
-6.536974551858426173e-05 -5.153541986254065675e-05 2.206151548693317723e-03
-6.544290384871257772e-05 -5.168238516557772000e-05 2.207137979527677794e-03
-6.551357372695070771e-05 -5.183537385521914248e-05 2.208123675755127840e-03
-6.558157382653149244e-05 -5.199441613860299139e-05 2.209108601256695031e-03
-6.561857833654016466e-05 -5.207130214533235062e-05 2.210104609398505678e-03
-6.573015155736642472e-05 -5.230610904035179763e-05 2.211068618855413156e-03
-6.580495545091542928e-05 -5.244928092439980305e-05 2.212054766837946631e-03
-6.587670354338174639e-05 -5.261784436507862362e-05 2.213037770304469680e-03
-6.595141284969639793e-05 -5.278953415895164790e-05 2.214020084023371297e-03
-6.602889869856269666e-05 -5.296022847123426936e-05 2.215002356209314419e-03
-6.610866474672970545e-05 -5.312979373344665061e-05 2.215984641525412489e-03
-6.619024065949744517e-05 -5.329760061975678505e-05 2.216967080141082382e-03
-6.627304377989111026e-05 -5.346336005172370542e-05 2.217949763673093821e-03
-6.635644442795836948e-05 -5.362688390728734744e-05 2.218932771180879421e-03
-6.643966149064670123e-05 -5.378848105066537377e-05 2.219916112890611953e-03
-6.650356051995238960e-05 -5.399455409013341343e-05 2.220892404661302215e-03
-6.658084375552890855e-05 -5.416133853407878630e-05 2.221875207188524909e-03
-6.666923966750640316e-05 -5.430054363573779747e-05 2.222861478988969602e-03
-6.674338998161875619e-05 -5.446323192143106504e-05 2.223845299346660642e-03
-6.679835026602853616e-05 -5.456406939445716873e-05 2.224838347825414987e-03
-6.690044206662230811e-05 -5.480801556106342523e-05 2.225800599620486077e-03
-6.697728459549614198e-05 -5.499952936890047377e-05 2.226778435252440864e-03
-6.705072302070960439e-05 -5.518314093478995805e-05 2.227758684026077355e-03
-6.712636519368945110e-05 -5.537245556271879897e-05 2.228737680035536295e-03
-6.720382961418714881e-05 -5.556642269994248160e-05 2.229715623115383679e-03
-6.728253981251947004e-05 -5.576406106619640098e-05 2.230692731971784665e-03
-6.736181804006985440e-05 -5.596434775974742590e-05 2.231669256018084264e-03
-6.744071021830401285e-05 -5.616653675767209974e-05 2.232645419463374307e-03
-6.751860474109319340e-05 -5.636929843478351992e-05 2.233621544422577637e-03
-6.759482119209288579e-05 -5.657146954543101051e-05 2.234597924066627963e-03
-6.766865733622175324e-05 -5.677204673848979205e-05 2.235574814692060496e-03
-6.773931270235613851e-05 -5.697033060072881838e-05 2.236552407752068379e-03
-6.779633630099710009e-05 -5.720097666057632764e-05 2.237523573638981311e-03
-6.785537071063824598e-05 -5.740595204653382947e-05 2.238500347733735941e-03
-6.790975869980964586e-05 -5.757578645248334729e-05 2.239484215235274401e-03
-6.800037255387559340e-05 -5.780990791151899131e-05 2.240451063884563946e-03
-6.806786930807463224e-05 -5.803494235016276701e-05 2.241422689251972196e-03
-6.812679216231972681e-05 -5.825722638314510761e-05 2.242395878677173448e-03
-6.818890634981540850e-05 -5.848819169907857398e-05 2.243366848157212975e-03
-6.825370546530968956e-05 -5.872627230607108361e-05 2.244335924497344644e-03
-6.833483444370858854e-05 -5.894144998277950977e-05 2.245308992612182666e-03
-6.840826144417040330e-05 -5.917676694303789019e-05 2.246277995026150533e-03
