# first line: diameter, stdev on diameter, fiber length; other lines: x, y, z coordinates
1.399999999999999979e-05 1.093677618490958427e-06 1.118829615605481742e-03
-3.377222474681881295e-05 4.539262916266346423e-05 1.271778758223495592e-04
-3.401090218328557197e-05 4.509907675674355588e-05 1.281035431850130989e-04
-3.425513596171834106e-05 4.480942907926540854e-05 1.290289912172671184e-04
-3.450433536444763160e-05 4.452345016206101614e-05 1.299542563884246472e-04
-3.475756997113308192e-05 4.424076525224726137e-05 1.308794381810125026e-04
-3.501258045797818810e-05 4.396113678792983433e-05 1.318050609285228904e-04
-3.526869186750924236e-05 4.368378039540005050e-05 1.327310632491839667e-04
-3.552453021667057782e-05 4.340796631608107324e-05 1.336576015844252036e-04
-3.577834454171660409e-05 4.313299185594449679e-05 1.345849457565851184e-04
-3.602764848248952821e-05 4.285832992789997752e-05 1.355136048799294307e-04
-3.627083105308918915e-05 4.258326806575558291e-05 1.364437672063815218e-04
-3.650677076487928146e-05 4.230704704643356204e-05 1.373754497800173946e-04
-3.673399283712879676e-05 4.202913248897451032e-05 1.383087934830355345e-04
-3.695089259065974057e-05 4.174920668741098401e-05 1.392439893664787660e-04
-3.715603269906052200e-05 4.146713059489576573e-05 1.401811896210643660e-04
-3.741719463524997884e-05 4.122967717452979681e-05 1.411166913664494912e-04
-3.759093265883569121e-05 4.089348245455828786e-05 1.420417578442052277e-04
-3.777916955374211849e-05 4.059862448919345022e-05 1.429784808402974686e-04
-3.796875080866823448e-05 4.030384545093950582e-05 1.439150509868988327e-04
-3.815915988793463007e-05 4.000618042885717413e-05 1.448505397850972324e-04
-3.834991437997820274e-05 3.970635041258798652e-05 1.457852666710956341e-04
-3.853905863868780951e-05 3.940177506708254052e-05 1.467187848992218980e-04
-3.872726910200136724e-05 3.909949981649166786e-05 1.476532396716921918e-04
-3.891308157461180982e-05 3.879779991915579054e-05 1.485883601674764173e-04
-3.909589857822697441e-05 3.849735764246786071e-05 1.495244751991097170e-04
-3.927490597021519983e-05 3.819921893199942632e-05 1.504620612376194374e-04
-3.944895923549409468e-05 3.790449484455773365e-05 1.514016564608641931e-04
-3.961701842000510827e-05 3.761419985665012585e-05 1.523437173252500769e-04
-3.977907338032653418e-05 3.732891581466547581e-05 1.532883571248254938e-04
-3.993472474855133485e-05 3.704922295538399016e-05 1.542357410184457857e-04
-4.013540034201137403e-05 3.679247199265190847e-05 1.551809741453728624e-04
-4.023547968309151650e-05 3.646288869394952972e-05 1.561184981635455830e-04
-4.036391039648886076e-05 3.617587462319109010e-05 1.570673919686930639e-04
-4.049401585167199417e-05 3.589182290386225895e-05 1.580173286804909070e-04
-4.061889834313699702e-05 3.560268224521162138e-05 1.589664314052326860e-04
-4.073848936220439312e-05 3.530964872742281779e-05 1.599150221302009407e-04
-4.085351512697416103e-05 3.501387646229227449e-05 1.608633283321839452e-04
-4.096499105964350007e-05 3.471658915925874395e-05 1.618115855393361877e-04
-4.107366664876072835e-05 3.441921852146905767e-05 1.627601420148036375e-04
-4.118005688276186961e-05 3.412332921292372540e-05 1.637094204510419846e-04
-4.128441942061485652e-05 3.383056376072861093e-05 1.646598911919244530e-04
-4.138796719561374195e-05 3.354210291057200307e-05 1.656117657668609161e-04
-4.149140449103564993e-05 3.325915539411572139e-05 1.665653047677687765e-04
-4.159522760125800787e-05 3.298278367594902137e-05 1.675207275463217946e-04
-4.169916740226974842e-05 3.271407789475558596e-05 1.684783206543222223e-04
-4.182394449534724418e-05 3.245480805258132008e-05 1.694359796233395939e-04
-4.186809972241603410e-05 3.215962191586628721e-05 1.703894807290539607e-04
-4.194629771280023475e-05 3.189218714869007155e-05 1.713494458748276213e-04
-4.202649213443698296e-05 3.163002079958287486e-05 1.723111215530400645e-04
-4.209672763770313375e-05 3.136559954106704938e-05 1.732729602669585370e-04
-4.215861238194264579e-05 3.109932530172034975e-05 1.742348637753219926e-04
-4.221371530135057835e-05 3.083183798081087085e-05 1.751968449302105085e-04
-4.226368894067614662e-05 3.056390895905086150e-05 1.761589848164990101e-04
-4.230972617111917176e-05 3.029663304634948450e-05 1.771215033324390151e-04
-4.235421104969248744e-05 3.003060392133521437e-05 1.780844410916703618e-04
-4.239912893886435823e-05 2.976656830297414735e-05 1.790479070807116449e-04
-4.244621134204743906e-05 2.950529795871888514e-05 1.800120225615396696e-04
-4.249661333304113512e-05 2.924768623638083700e-05 1.809769533360967072e-04
-4.255174005746016451e-05 2.899429380339038989e-05 1.819427411843650092e-04
-4.261288663475077814e-05 2.874545810142724496e-05 1.829093496941232473e-04
-4.268078365076238248e-05 2.850146975248135290e-05 1.838767421017330640e-04
-4.270184677546184552e-05 2.824709892998930819e-05 1.848432971352847662e-04
-4.275165873212694224e-05 2.800419416132104560e-05 1.858118170902226581e-04
-4.280611516256270998e-05 2.776547561912783181e-05 1.867813731894303261e-04
-4.285371112320177171e-05 2.752742535817427358e-05 1.877514552975957391e-04
-4.289527365476319899e-05 2.729009356805560453e-05 1.887219915278238059e-04
-4.293136561335564370e-05 2.705378713234722038e-05 1.896929971017431715e-04
-4.296341364677248295e-05 2.681843123815683724e-05 1.906643766364667005e-04
-4.299287827037033446e-05 2.658397905260806860e-05 1.916360571579717349e-04
-4.302108850056424492e-05 2.635047431505932244e-05 1.926080033560089756e-04
-4.304911305300186333e-05 2.611809977354611072e-05 1.935802257961756478e-04
-4.307803055153276283e-05 2.588699410929836163e-05 1.945527243805581039e-04
-4.310922986667998136e-05 2.565703266187706021e-05 1.955254232781093900e-04
-4.314369858419873162e-05 2.542821283378736560e-05 1.964982806160575461e-04
-4.318213415302751417e-05 2.520056830459275278e-05 1.974712646511380884e-04
-4.322450392095751815e-05 2.497443059397765435e-05 1.984444367117059547e-04
-4.324901247191797413e-05 2.474855873932126692e-05 1.994182449771464589e-04
-4.328805035915545408e-05 2.452432155070396189e-05 2.003919562774477033e-04
-4.333016698985010280e-05 2.430120166274983659e-05 2.013658367974939349e-04
-4.337060684671578849e-05 2.407918431713942624e-05 2.023400401899978860e-04
-4.340943701557606110e-05 2.385824819468913651e-05 2.033145548831513747e-04
-4.344688936900927559e-05 2.363825475253421572e-05 2.042893368097687366e-04
-4.348302514869058130e-05 2.341917578896738448e-05 2.052643743571378777e-04
-4.351777568846336875e-05 2.320107449530999966e-05 2.062396813711972997e-04
-4.355089895557611769e-05 2.298414899157982141e-05 2.072153070745901080e-04
-4.358270954873727423e-05 2.276819256559944860e-05 2.081911915692020564e-04
-4.361330528897689601e-05 2.255314894699571052e-05 2.091673164528991616e-04
-4.364270497026947061e-05 2.233901779188428606e-05 2.101436786603031771e-04
-4.367061413738166276e-05 2.212605098264305902e-05 2.111203390994663594e-04
-4.369724080656267026e-05 2.191411108877492879e-05 2.120972588115228440e-04
-4.372273737294788353e-05 2.170309512944757158e-05 2.130744086837491145e-04
-4.374713951317112993e-05 2.149298939886501520e-05 2.140517826177245741e-04
-4.377031596584135721e-05 2.128392516258068942e-05 2.150294096313085188e-04
-4.379221304198471217e-05 2.107597875594581860e-05 2.160073044927175463e-04
-4.381305102428751947e-05 2.086898094570565322e-05 2.169854238114222057e-04
-4.383289606353200517e-05 2.066289074325940804e-05 2.179637554143853961e-04
-4.385175336402055138e-05 2.045772063452260315e-05 2.189422999189947691e-04
-4.386935503645141308e-05 2.025375741623045020e-05 2.199211199592860863e-04
-4.388597448456961421e-05 2.005076668667081115e-05 2.209001594400197832e-04
-4.390170226454184602e-05 1.984868062036318381e-05 2.218794007847531714e-04
-4.391655699814694399e-05 1.964749862146393552e-05 2.228588418998317909e-04
-4.393037176020890165e-05 1.944742659794667383e-05 2.238385254980561692e-04
-4.394323380695071117e-05 1.924840716096152464e-05 2.248184364820932004e-04
-4.395528338135693599e-05 1.905031259018638673e-05 2.257985452148955109e-04
-4.396656085599976414e-05 1.885311882737040557e-05 2.267788447723859038e-04
-4.397701195906274392e-05 1.865691679455910165e-05 2.277593524318481492e-04
-4.398655222591694682e-05 1.846185273505234449e-05 2.287400963606213682e-04
-4.399536172434486889e-05 1.826773600090115810e-05 2.297210351401934945e-04
-4.400349978258108241e-05 1.807451661647058064e-05 2.307021568699126231e-04
-4.401098484173023522e-05 1.788219389151019721e-05 2.316834599598465751e-04
-4.401764641067197387e-05 1.769105490654210915e-05 2.326650001559717618e-04
-4.402365626769209439e-05 1.750089674300772934e-05 2.336467351341611244e-04
-4.402909172347367324e-05 1.731163712474441572e-05 2.346286470852659758e-04
-4.403397445274958075e-05 1.712327053321745937e-05 2.356107336478985379e-04
-4.403822529949828323e-05 1.693597285191348524e-05 2.365930275213315708e-04
-4.404188241581283097e-05 1.674973799800763674e-05 2.375755258579590259e-04
-4.404505101674379710e-05 1.656442297360617190e-05 2.385581998352146078e-04
-4.404776685684373921e-05 1.637999724860347291e-05 2.395410424588428813e-04
-4.405001801283734265e-05 1.619652757840052095e-05 2.405240651609302435e-04
-4.405175190365124839e-05 1.601420102012966615e-05 2.415073015316494386e-04
-4.405308832786672879e-05 1.583281503546240276e-05 2.424907125323043627e-04
-4.405407165546291023e-05 1.565231456852474068e-05 2.434742868682782981e-04
-4.405472005546808630e-05 1.547269888152853645e-05 2.444580234420392403e-04
-4.405496976566708369e-05 1.529423466883106554e-05 2.454419696849231749e-04
-4.405491069911226127e-05 1.511675301451101314e-05 2.464260937179009545e-04
-4.405459485917220358e-05 1.494016201470682546e-05 2.474103779192945909e-04
-4.405404338967499982e-05 1.476445199776866047e-05 2.483948196684406320e-04
-4.405324202137040598e-05 1.458978399158903233e-05 2.493794466310852911e-04
-4.405222168720545570e-05 1.441617603923542195e-05 2.503642608564188125e-04
-4.405103904736330642e-05 1.424347867706004164e-05 2.513492350183763914e-04
-4.404971980961592214e-05 1.407165852194428851e-05 2.523343624071824973e-04
-4.404827658958558801e-05 1.390077281940915560e-05 2.533196521375029667e-04
-4.404672157371239351e-05 1.373102321741691063e-05 2.543051380267289611e-04
-4.404510359533117542e-05 1.356220375378846559e-05 2.552907836285080341e-04
-4.404344780646980766e-05 1.339425777068345282e-05 2.562765783774511273e-04
-4.404177214596453839e-05 1.322718456050544581e-05 2.572625213863955016e-04
-4.404010777470640769e-05 1.306124401290197021e-05 2.582486556294060018e-04
-4.403848494871428370e-05 1.289627697754564201e-05 2.592349533083052396e-04
-4.403692302632461990e-05 1.273218970627189374e-05 2.602213978381289101e-04
-4.403543974263378710e-05 1.256897157585138858e-05 2.612079866705263771e-04
-4.403407841449865484e-05 1.240678156727743389e-05 2.621947451874155621e-04
-4.403287685756695818e-05 1.224563895864648624e-05 2.631816755009634603e-04
-4.403183295327123644e-05 1.208538926609636712e-05 2.641687513992177581e-04
-4.403095069268500675e-05 1.192598863741186046e-05 2.651559649255940624e-04
-4.403024642033388948e-05 1.176747763185622691e-05 2.661433218193059481e-04
-4.402976362244362694e-05 1.161000786414422214e-05 2.671308454158525299e-04
-4.402946640972011229e-05 1.145336447112136106e-05 2.681185005494900100e-04
-4.402934666540490015e-05 1.129747771645216132e-05 2.691062754293185345e-04
-4.402940686822889513e-05 1.114233041407392356e-05 2.700941667303276977e-04
-4.402970763471699897e-05 1.098811391034096013e-05 2.710822036849163362e-04
-4.403021758717947211e-05 1.083465936903564071e-05 2.720703592188969400e-04
-4.403092054516477078e-05 1.068187386980832283e-05 2.730586183067827948e-04
-4.403181717219085517e-05 1.052973328833742215e-05 2.740469767288859337e-04
-4.403294937654435358e-05 1.037833508412197869e-05 2.750354488847319822e-04
-4.403432316751283634e-05 1.022764892985985709e-05 2.760240295398015253e-04
-4.403590887050506865e-05 1.007755220552702901e-05 2.770126995573502903e-04
-4.403770199207592445e-05 9.928005982555471881e-06 2.780014526404792942e-04
-4.403972286720983249e-05 9.779034368681622700e-06 2.789902920179421729e-04
-4.404201998341412337e-05 9.630709002768954519e-06 2.799792279257191756e-04
-4.404454860140757477e-05 9.482888900209058162e-06 2.809682389379062825e-04
-4.404729842681671264e-05 9.335524974609996689e-06 2.819573174347967618e-04
-4.405027196205474419e-05 9.188600141080366466e-06 2.829464606067734912e-04
-4.405354689774505387e-05 9.042219020417115841e-06 2.839356834216843952e-04
-4.405707727238396861e-05 8.896260957276464347e-06 2.849249678843917589e-04
-4.406084419292095969e-05 8.750667475703815550e-06 2.859143051981345197e-04
-4.406484867699063244e-05 8.605418830891819527e-06 2.869036922654021483e-04
-4.406914515305739434e-05 8.460558432813510693e-06 2.878931350212463568e-04
-4.407373314447096419e-05 8.316045884545762473e-06 2.888826273374745738e-04
-4.407857777587919696e-05 8.171811084134983407e-06 2.898721589599270818e-04
-4.408367388999007977e-05 8.027826872655845431e-06 2.908617258134305224e-04
-4.408904962026581338e-05 7.884095570483374023e-06 2.918513279517348687e-04
-4.409475535360856795e-05 7.740621297225828848e-06 2.928409655369138172e-04
-4.410073857732268814e-05 7.597333369237110259e-06 2.938306284875553172e-04
-4.410698727947531659e-05 7.454201745261346519e-06 2.948203124157513632e-04
-4.411350401771246994e-05 7.311209326930997348e-06 2.958100147380507070e-04
-4.412038492005576081e-05 7.168364784371380746e-06 2.967997359432570075e-04
-4.412756705623507695e-05 7.025611385354137088e-06 2.977894681651786259e-04
-4.413502962009693316e-05 6.882920258889514399e-06 2.987792072925575700e-04
-4.414277432612749423e-05 6.740273935733642841e-06 2.997689507107013061e-04
-4.415086878768034935e-05 6.597652173808891473e-06 3.007586948658512015e-04
-4.415930486160582399e-05 6.455021150179281184e-06 3.017484348350953516e-04
-4.416804291273721455e-05 6.312358024863640826e-06 3.027381675595893461e-04
-4.417707731166379225e-05 6.169645152199440336e-06 3.037278904510806558e-04
-4.418644379267976997e-05 6.026853997649239470e-06 3.047175989620844964e-04
-4.419619495395250575e-05 5.883937103022796328e-06 3.057072856043367357e-04
-4.420627050270884513e-05 5.740888910064357736e-06 3.066969500327592409e-04
-4.421665671318009074e-05 5.597696220851506178e-06 3.076865903525120415e-04
-4.422735622671650229e-05 5.454341777301138692e-06 3.086762039159487124e-04
-4.423848222982344124e-05 5.310731233670292682e-06 3.096657756320631179e-04
-4.424995718425139130e-05 5.166884482471893769e-06 3.106553090643975144e-04
-4.426175774625123180e-05 5.022797923020728366e-06 3.116448037764217496e-04
-4.427388607175205740e-05 4.878454534499291613e-06 3.126342570917970722e-04
-4.428642036396257450e-05 4.733766090074917438e-06 3.136236549380589343e-04
-4.429934928884627699e-05 4.588713468183154722e-06 3.146129943827021859e-04
-4.431262718657857013e-05 4.443318040590202913e-06 3.156022788878322122e-04
-4.432624743212057786e-05 4.297570402276426811e-06 3.165915069089273413e-04
-4.434024940004330023e-05 4.151410542365818378e-06 3.175806687710650347e-04
-4.435469475351407341e-05 4.004741250587803054e-06 3.185697488368042975e-04
-4.436951343260011412e-05 3.857620866696161358e-06 3.195587563956780314e-04
-4.438468917209434562e-05 3.710052541343482830e-06 3.205476918009052094e-04
-4.440022471750464984e-05 3.562018713225315806e-06 3.215365520434063009e-04
-4.441624457145831688e-05 3.413327488839082881e-06 3.225253058899888413e-04
-4.443266654625749654e-05 3.264066758020946407e-06 3.235139673520863370e-04
-4.444946182840481085e-05 3.114260051438720730e-06 3.245025399605191724e-04
-4.446663179434014255e-05 2.963891608664892656e-06 3.254910208421333759e-04
-4.448425782583978922e-05 2.812816573010496293e-06 3.264793859258426773e-04
-4.450233826926829067e-05 2.661011750254417012e-06 3.274676309770467759e-04
-4.452081761901529184e-05 2.508547609481780067e-06 3.284557671584013242e-04
-4.453968666207550867e-05 2.355425074186214728e-06 3.294437941610472639e-04
-4.455897922218561287e-05 2.201570787275401999e-06 3.304316992887525086e-04
-4.457989506983376298e-05 2.049402477860716983e-06 3.314198318864463449e-04
-4.460051418406067882e-05 1.894771692451636130e-06 3.324075880176166446e-04
-4.462158799810207732e-05 1.739520991384082693e-06 3.333952382759738237e-04
-4.464337567743320562e-05 1.584259952826278957e-06 3.343828714221358783e-04
-4.466593721410523290e-05 1.428715489409306377e-06 3.353704425767150589e-04
-4.468913897946571784e-05 1.272933888778811457e-06 3.363579615429284145e-04
-4.471287070901219606e-05 1.116877886931739935e-06 3.373454245938871388e-04
-4.473705141115644852e-05 9.604209771596190349e-07 3.383328133079507166e-04
-4.476164523509503629e-05 8.033166317752951636e-07 3.393200889881614005e-04
-4.478657466047928504e-05 6.453880993048460165e-07 3.403072247313311798e-04
-4.481169860476771205e-05 4.866051910057268030e-07 3.412942184796822782e-04
-4.483692524546800613e-05 3.268549210399123535e-07 3.422810534789745562e-04
-4.486218784114900574e-05 1.660007612125300544e-07 3.432677082035422156e-04
-4.488748305826761355e-05 3.786169198931890750e-09 3.442541392821862629e-04
-4.491269473578284515e-05 -1.597130934651458024e-07 3.452403604132690210e-04
-4.494366058249852551e-05 -3.100341692567514752e-07 3.462284881588174792e-04
-4.497062529058817908e-05 -4.710795951289219816e-07 3.472150419210648202e-04
-4.499775421820863551e-05 -6.327616587553487663e-07 3.482015109793723355e-04
-4.502640628781891165e-05 -7.916039391105211396e-07 3.491883983331399693e-04
-4.505640129231712184e-05 -9.478762942747880145e-07 3.501756561680609541e-04
-4.508752634855267815e-05 -1.102037318138421753e-06 3.511632111339764439e-04
-4.511953462552875638e-05 -1.254701554681101474e-06 3.521509705717441440e-04
-4.515214293817885501e-05 -1.406592751438697075e-06 3.531388296992659086e-04
-4.518501939639573279e-05 -1.558343100163068916e-06 3.541267016361540881e-04
-4.521784083542820494e-05 -1.710674076458377988e-06 3.551144859982493639e-04
-4.525029353506587819e-05 -1.864318916167474394e-06 3.561020788987430755e-04
-4.528207648448736108e-05 -2.020044987240824133e-06 3.570893673052056693e-04
-4.531291165434757617e-05 -2.178405367856608084e-06 3.580762664341316254e-04
-4.534257008984702745e-05 -2.339879686627796718e-06 3.590626966765515706e-04
-4.537087535209854630e-05 -2.504852128843518108e-06 3.600485874719725095e-04
-4.540678664399690895e-05 -2.650287624890048093e-06 3.610372486361336335e-04
-4.543399733828571200e-05 -2.817607508813528191e-06 3.620226810100539427e-04
-4.546065901656016274e-05 -2.986298732209009779e-06 3.630079863985470872e-04
-4.548838127790389118e-05 -3.152037998124360150e-06 3.639937658026378385e-04
-4.551680181458549391e-05 -3.315660481121914276e-06 3.649798789948299153e-04
-4.554571870210406760e-05 -3.477545193719939135e-06 3.659662646675783393e-04
-4.557498573182091711e-05 -3.638083146729832393e-06 3.669528601976019839e-04
-4.560441401157084776e-05 -3.797759332298269682e-06 3.679395908593198743e-04
-4.563379024063716382e-05 -3.957110956642291660e-06 3.689263755814989505e-04
-4.566284877434860002e-05 -4.116695174565659164e-06 3.699131321073245715e-04
-4.569136392686576841e-05 -4.277044422366392018e-06 3.708997803929610284e-04
-4.571916111029516967e-05 -4.438663396553573459e-06 3.718862418743648125e-04
-4.574606228862544851e-05 -4.602008576915229187e-06 3.728724437023292222e-04
-4.577189432051080088e-05 -4.767457766352338593e-06 3.738583231899757827e-04
-4.579645211687243688e-05 -4.935272827595339435e-06 3.748438351716175485e-04
-4.583019736060119618e-05 -5.077703640372371958e-06 3.758329766010326707e-04
-4.584920971841791211e-05 -5.257013165442146144e-06 3.768163376618740255e-04
-4.587033985113291224e-05 -5.430433629369225517e-06 3.778009259802872066e-04
-4.589274858328547463e-05 -5.599112972879857528e-06 3.787863420275092759e-04
-4.591507218180135839e-05 -5.766430603446870565e-06 3.797719921631510006e-04
-4.593728443307254451e-05 -5.932575824493793243e-06 3.807578431555718509e-04
-4.595930952955699944e-05 -6.097769036383804391e-06 3.817438583496874770e-04
-4.598100753563642731e-05 -6.262236029687626520e-06 3.827300022097763783e-04
-4.600219851513806849e-05 -6.426200015105155897e-06 3.837162408606041228e-04
-4.602286565168049894e-05 -6.589983106392375231e-06 3.847025207020084245e-04
-4.604293074365841852e-05 -6.753873817742471000e-06 3.856887950882642406e-04
-4.606515873260695382e-05 -6.909065468569446001e-06 3.866764198239129070e-04
-4.608435752657139901e-05 -7.071355240355766561e-06 3.876629650541455266e-04
-4.610226190133997072e-05 -7.235528111175934272e-06 3.886492341047002776e-04
-4.611953175139313848e-05 -7.399629750947162386e-06 3.896355263239799967e-04
-4.614974173387325723e-05 -7.525070738847326557e-06 3.906269742356572455e-04
-4.616007254217872408e-05 -7.701764210779281407e-06 3.916107015475684371e-04
-4.617468929190950209e-05 -7.865195940027652855e-06 3.925970517468296492e-04
-4.619186262762489507e-05 -8.019089102003047282e-06 3.935849885925311788e-04
-4.620941227448278627e-05 -8.169123444691427254e-06 3.945735124856785195e-04
-4.622715515887704197e-05 -8.315816613955815783e-06 3.955625345728377290e-04
-4.624466459169320793e-05 -8.459636740913877552e-06 3.965519828963816676e-04
-4.626187207486956926e-05 -8.601422102363088566e-06 3.975417304754990527e-04
-4.627857757569778561e-05 -8.741984497671533114e-06 3.985316612394301100e-04
-4.629452643127187998e-05 -8.882125461382245620e-06 3.995216642884184474e-04
-4.630930499651536841e-05 -9.022509889514932708e-06 4.005116509325373515e-04
-4.632269027369736742e-05 -9.163899860978459813e-06 4.015015141622100582e-04
-4.633457837615037258e-05 -9.307070078164699089e-06 4.024911403912752577e-04
-4.634481296600629718e-05 -9.452635528025337352e-06 4.034804353932508643e-04
-4.635320083913488880e-05 -9.601033655849218996e-06 4.044693266187847185e-04
-4.637268609733887051e-05 -9.711053906206102123e-06 4.054628827582210018e-04
-4.636969593226617008e-05 -9.883063125830366983e-06 4.064473381337775897e-04
-4.637080832988906524e-05 -1.004226649107056385e-05 4.074344805361637331e-04
-4.637310379310799713e-05 -1.019490606131926733e-05 4.084227596849569503e-04
-4.637406045345644995e-05 -1.034713232278188144e-05 4.094111047350935777e-04
-4.637380659120791910e-05 -1.049918213449584545e-05 4.103994774290629574e-04
-4.637416640813882182e-05 -1.064457255041525818e-05 4.113888465148854770e-04
-4.637220887669371496e-05 -1.079504121261945550e-05 4.123774535548061383e-04
-4.636890957587578687e-05 -1.094663664151412250e-05 4.133658905898101883e-04
-4.636466313822591641e-05 -1.109788159567840258e-05 4.143543777055099051e-04
-4.635963900318696058e-05 -1.124902421928288875e-05 4.153428768614213316e-04
-4.635391011457785964e-05 -1.140022410079998227e-05 4.163313634317255055e-04
-4.634750963115740624e-05 -1.155159219663687024e-05 4.173198201374581431e-04
-4.634027110992866246e-05 -1.170306288811814063e-05 4.183082553211739732e-04
-4.633239590745024555e-05 -1.185483164701231555e-05 4.192966399392795106e-04
-4.633281289984725820e-05 -1.197509747573802846e-05 4.202892509891013699e-04
-4.631196058444027579e-05 -1.215864381193146830e-05 4.212713440596752533e-04
-4.629722371024224650e-05 -1.232316121437049744e-05 4.222574246463294857e-04
-4.628381452792818256e-05 -1.248049377746548861e-05 4.232448786632282516e-04
-4.626870150108870885e-05 -1.263963596597696356e-05 4.242320181795029062e-04
-4.625209569102825899e-05 -1.280021018580436521e-05 4.252189019301609758e-04
-4.623417543978102092e-05 -1.296170146565503900e-05 4.262056131672741464e-04
-4.621510470818093177e-05 -1.312349949614023274e-05 4.271922526666496051e-04
-4.619528913779579886e-05 -1.328512340217639212e-05 4.281789060900968117e-04
-4.617505243563175507e-05 -1.344600840144171410e-05 4.291656716925414464e-04
-4.615467832805510178e-05 -1.360557223166782489e-05 4.301526488688929128e-04
-4.613426725917913867e-05 -1.376314184086374971e-05 4.311399454172640949e-04
-4.611417383810762475e-05 -1.391831390238856031e-05 4.321276279990262943e-04
-4.609465629179452633e-05 -1.407071879508991542e-05 4.331157527143300774e-04
-4.607587569178704315e-05 -1.422004456557247060e-05 4.341043615485311747e-04
-4.605934187533368017e-05 -1.436009032431868429e-05 4.350943585794118419e-04
-4.602810364142761421e-05 -1.454575760650496323e-05 4.360761548408581025e-04
-4.600101984321905012e-05 -1.471797837193021068e-05 4.370607521119143808e-04
-4.597644460827309188e-05 -1.488134817783371240e-05 4.380470098979336036e-04
-4.594995349324936592e-05 -1.504952770262396976e-05 4.390324058736560890e-04
-4.592106480081890218e-05 -1.522352466978564978e-05 4.400167251912986098e-04
-4.589028076929578905e-05 -1.540207417130991146e-05 4.410001726277193966e-04
-4.585807906821912875e-05 -1.558366260246743095e-05 4.419830190942129321e-04
-4.582493906681359532e-05 -1.576662599667223480e-05 4.429655799536458965e-04
-4.579123012650039809e-05 -1.594915478918723824e-05 4.439482023635415043e-04
-4.575751683904492580e-05 -1.612959588484890448e-05 4.449312097149649842e-04
-4.572431894273094091e-05 -1.630636450772676650e-05 4.459149007366219539e-04
-4.569206629614870819e-05 -1.647799307703486283e-05 4.468995317784745045e-04
-4.566105302891276531e-05 -1.664317391819919822e-05 4.478853033905462726e-04
-4.563154644791321557e-05 -1.680090024179588219e-05 4.488723401747259610e-04
-4.561261219915487832e-05 -1.695531292273799712e-05 4.498601511031677987e-04
-4.558032084071653042e-05 -1.713358107001936476e-05 4.508434904719063954e-04
-4.555416947313031063e-05 -1.728898649944010416e-05 4.518308684552548287e-04
-4.553195109222450996e-05 -1.743885292858333332e-05 4.528193243288334592e-04
-4.551133433929354023e-05 -1.759084754267512685e-05 4.538074900439159013e-04
-4.549206875466338450e-05 -1.774447293404771630e-05 4.547954310486492738e-04
-4.547380076717961908e-05 -1.789911560955960380e-05 4.557832324748396953e-04
-4.545602390419369455e-05 -1.805402934873172425e-05 4.567710005098837150e-04
-4.543834277697450307e-05 -1.820852417729927215e-05 4.577588358584806869e-04
-4.542033657313343384e-05 -1.836189240688094909e-05 4.587468407550605171e-04
-4.540516562128593539e-05 -1.851558123046982896e-05 4.597348424904721884e-04
-4.538622070531144397e-05 -1.866523499643973877e-05 4.607233947885949494e-04
-4.536345420683121670e-05 -1.881845771040917411e-05 4.617113206360184529e-04
-4.534041568638429035e-05 -1.896407512538878952e-05 4.627003838979315900e-04
-4.531593726240900336e-05 -1.910522228874158329e-05 4.636900688719399442e-04
-4.532552945223705453e-05 -1.926450596539697077e-05 4.646770688413967045e-04
-4.530810769413738123e-05 -1.941361029222551024e-05 4.656655627631209153e-04
-4.529064716079670783e-05 -1.955741022059491566e-05 4.666550069565981226e-04
-4.528139773277858556e-05 -1.970458491101356120e-05 4.676440678365691769e-04
-4.527911865956306929e-05 -1.985598898449925391e-05 4.686325322704452435e-04
-4.528253490086505409e-05 -2.001084980934890437e-05 4.696204595279369898e-04
-4.529022173195328881e-05 -2.016830414254859664e-05 4.706079541941644937e-04
-4.530054377021183824e-05 -2.032736482775068207e-05 4.715951684738438170e-04
-4.531170849863184710e-05 -2.048695384721695360e-05 4.725822888508408523e-04
-4.532182977516750375e-05 -2.064594214948775914e-05 4.735695172412447002e-04
-4.532907959604060710e-05 -2.080323337269497918e-05 4.745570418582085396e-04
-4.533179192526000487e-05 -2.095781876103150379e-05 4.755450152181758556e-04
-4.532844764083872736e-05 -2.110877647219115545e-05 4.765335457841090010e-04
-4.531775712890508302e-05 -2.125532075359254594e-05 4.775226864356272791e-04
-4.529869755202582443e-05 -2.139683083607352024e-05 4.785124325465495241e-04
-4.532334245693630268e-05 -2.156661225272071692e-05 4.794972968495223465e-04
-4.530372643822008712e-05 -2.170987907609657890e-05 4.804863615568625949e-04
-4.527540559101943843e-05 -2.184719055814054867e-05 4.814764836670987723e-04
-4.525170922652995309e-05 -2.198788473910513015e-05 4.824662502590430606e-04
-4.523256894287518978e-05 -2.213213574470936161e-05 4.834556038579645391e-04
-4.521736135616081186e-05 -2.227945238442672414e-05 4.844445745612968677e-04
-4.520529294702311021e-05 -2.242922217772663377e-05 4.854332207006877183e-04
-4.519542462657261578e-05 -2.258073820169257781e-05 4.864216257225496311e-04
-4.518675955181261742e-05 -2.273324153779717965e-05 4.874098905546739042e-04
-4.517828668080206978e-05 -2.288594673371814644e-05 4.883981260191039200e-04
-4.516897270462338909e-05 -2.303806225398398282e-05 4.893864447224375528e-04
-4.515781044875204209e-05 -2.318882501782600390e-05 4.903749511531634107e-04
-4.514385484067023299e-05 -2.333753425274580649e-05 4.913637325236312487e-04
-4.512632644027786622e-05 -2.348357643520097900e-05 4.923528538135911632e-04
-4.510457087740628806e-05 -2.362644557375091726e-05 4.933423538244544569e-04
-4.513989474996802812e-05 -2.380914997009623589e-05 4.943242283579612085e-04
-4.509274511058617454e-05 -2.393791241803359493e-05 4.953129612785039850e-04
-4.505732406048324688e-05 -2.407323309338208454e-05 4.963028637999975737e-04
-4.503409734041180940e-05 -2.421719600952169544e-05 4.972921729330590217e-04
-4.501312641592522426e-05 -2.436369236568228030e-05 4.982811609311661206e-04
-4.499378429755641884e-05 -2.451215566204209247e-05 4.992698891951587951e-04
-4.497381125920046040e-05 -2.466103830589440603e-05 5.002585422136962036e-04
-4.496764583812647983e-05 -2.482099230156702583e-05 5.012456028264796956e-04
-4.494883747302876156e-05 -2.497195644843198207e-05 5.022339049520908438e-04
-4.492864912674043144e-05 -2.512166007807057033e-05 5.032224277711756875e-04
-4.490832917114867632e-05 -2.527126015928658913e-05 5.042109653347808060e-04
-4.488616133843988533e-05 -2.541941364996587840e-05 5.051996806604438194e-04
-4.486147540159869884e-05 -2.556543907155883508e-05 5.061886523893299218e-04
-4.483370986474024758e-05 -2.570876126446295127e-05 5.071779373324717712e-04
-4.480244430223860477e-05 -2.584896722263041197e-05 5.081675639224312278e-04
-4.482976790746951920e-05 -2.603644188991399608e-05 5.091486106232523314e-04
-4.476252572889158918e-05 -2.615530316573412055e-05 5.101364705448520071e-04
-4.471164082565247708e-05 -2.628402559573741082e-05 5.111263395820781538e-04
-4.467531294902788613e-05 -2.642452648341715488e-05 5.121157527728688319e-04
-4.463960844584486575e-05 -2.656744614746013683e-05 5.131048423109214364e-04
-4.460446580735930689e-05 -2.671239169826674888e-05 5.140936572947984225e-04
-4.456980589730474748e-05 -2.685890260037819316e-05 5.150822587488283928e-04
-4.453554029175291282e-05 -2.700647577686856443e-05 5.160707160542900643e-04
-4.450157910136291848e-05 -2.715458864000281416e-05 5.170591032114179794e-04
-4.446779565285958303e-05 -2.730263399993340098e-05 5.180475065900930036e-04
-4.443406726119356488e-05 -2.745003337092612582e-05 5.190360083449135822e-04
-4.438545914086384749e-05 -2.758572898791539636e-05 5.200255169336670102e-04
-4.434633187469418108e-05 -2.772666622912975805e-05 5.210147270232408541e-04
-4.431764775907234930e-05 -2.787544502400660497e-05 5.220031708839916861e-04
-4.427002923945330107e-05 -2.800755071407686134e-05 5.229931576381297888e-04
-4.428989500683600032e-05 -2.819610594019919173e-05 5.239737465304507985e-04
-4.420147492757803097e-05 -2.829816086094369494e-05 5.249608032378194535e-04
-4.413696559737361678e-05 -2.841617351153600423e-05 5.259509197708808412e-04
-4.408924745597889600e-05 -2.854812118673255971e-05 5.269410270307476035e-04
-4.404137001185760012e-05 -2.868154523585942042e-05 5.279309287328688444e-04
-4.399361805311800632e-05 -2.881644204502427923e-05 5.289206368760787820e-04
-4.394628098558336140e-05 -2.895277360241613180e-05 5.299101683334756039e-04
-4.389957009997258171e-05 -2.909035367228328747e-05 5.308995567721711602e-04
-4.385369534669997341e-05 -2.922898603040316264e-05 5.318888374480634784e-04
-4.380885664976490266e-05 -2.936846507103285317e-05 5.328780466110733752e-04
-4.376529451250208520e-05 -2.950866371166859469e-05 5.338672110460299797e-04
-4.372312997555766856e-05 -2.964931066366764266e-05 5.348563724110497013e-04
-4.368247616690059331e-05 -2.979017294941100564e-05 5.358455663549341590e-04
-4.364344194414189509e-05 -2.993107252777944523e-05 5.368348201937747990e-04
-4.359682667964119189e-05 -3.006422219382228646e-05 5.378248004799892658e-04
-4.360960610935189904e-05 -3.025260786738649996e-05 5.388057038152728288e-04
-4.352866756606617440e-05 -3.035696045944221883e-05 5.397932763095336303e-04
-4.346928340754545821e-05 -3.047779419424867842e-05 5.407832362472589274e-04
-4.342662406520719927e-05 -3.061367146651260666e-05 5.417730421475215347e-04
-4.339403343020886250e-05 -3.076206316853084572e-05 5.427613847705532041e-04
-4.333950873091652349e-05 -3.089161487864200688e-05 5.437512451904006217e-04
-4.328700517464237904e-05 -3.102265978998800043e-05 5.447411913135304009e-04
-4.323828123821172329e-05 -3.115772242665789695e-05 5.457308295997412469e-04
-4.318987531685652254e-05 -3.129393480618773953e-05 5.467203257555381009e-04
-4.314254788163493867e-05 -3.143163506293154082e-05 5.477096679112093691e-04
-4.309704415151280625e-05 -3.157114186991098748e-05 5.486988421223729442e-04
-4.305405833806031241e-05 -3.171277703566243448e-05 5.496878259849174910e-04
-4.301417442346076034e-05 -3.185689078253045576e-05 5.506765811494793942e-04
-4.297784537380660718e-05 -3.200370123782626797e-05 5.516650761398548489e-04
-4.294539244901407824e-05 -3.215325539500786490e-05 5.526532944057672980e-04
-4.295024723135685408e-05 -3.234445352016024258e-05 5.536341347497605089e-04
-4.288084073809856126e-05 -3.246438762482760072e-05 5.546206127390030088e-04
-4.281932144663479721e-05 -3.258976019331986251e-05 5.556096442766956731e-04
-4.278114822259569206e-05 -3.273888387373699523e-05 5.565977253224839699e-04
-4.273876736945072776e-05 -3.288673793624984266e-05 5.575858219900745125e-04
-4.270501177431636338e-05 -3.304206085011760126e-05 5.585730661675817558e-04
-4.266226119168095365e-05 -3.319240722009500277e-05 5.595607098722963236e-04
-4.261246265865069381e-05 -3.333890016132944615e-05 5.605486672339385790e-04
-4.256240909527985860e-05 -3.348603549484763887e-05 5.615365162697182316e-04
-4.251284465855399914e-05 -3.363411125636145410e-05 5.625242493262994168e-04
-4.246566893453316660e-05 -3.378521932888970850e-05 5.635116374674187419e-04
-4.240954332055782867e-05 -3.392786810475073838e-05 5.644997746486251841e-04
-4.235836769924311357e-05 -3.407456322269277431e-05 5.654875962055332279e-04
-4.231301277635300033e-05 -3.422607058338147961e-05 5.664750103470551218e-04
-4.226950352921962666e-05 -3.437861854178302101e-05 5.674623478734565178e-04
-4.225449314353578505e-05 -3.456796073565260291e-05 5.684436683706859100e-04
-4.217783118768051153e-05 -3.469048214944577024e-05 5.694304643227129838e-04
-4.211156501404169484e-05 -3.482187943235941831e-05 5.704187494925390487e-04
-4.206021806087390332e-05 -3.497095135433913736e-05 5.714062388304270036e-04
-4.200416191261095641e-05 -3.511814240237684872e-05 5.723937545842072185e-04
-4.194386154025876587e-05 -3.526379082345200948e-05 5.733812496814382625e-04
-4.187997393561672860e-05 -3.540825501766818031e-05 5.743686938053725426e-04
-4.181319034122929707e-05 -3.555204513969301676e-05 5.753560452280504292e-04
-4.175363033381418177e-05 -3.570370205275319892e-05 5.763426571129396693e-04
-4.168868686534368660e-05 -3.585293637180460605e-05 5.773293043689275376e-04
-4.162160688570678890e-05 -3.600216009784970301e-05 5.783158288422038905e-04
-4.155646482372470373e-05 -3.615459970455505139e-05 5.793019909088932985e-04
-4.149384562442004639e-05 -3.631069879367184925e-05 5.802877433064347092e-04
-4.143390369680829781e-05 -3.647109614194105781e-05 5.812729714046020214e-04
-4.137715031977577196e-05 -3.663586818456044102e-05 5.822576660117345648e-04
-4.133439623335377980e-05 -3.682222436960902028e-05 5.832391131473371390e-04
-4.124882326756194656e-05 -3.695547044593685307e-05 5.842254720140539932e-04
-4.116574746694905005e-05 -3.709383273428480638e-05 5.852121864424310402e-04
-4.109623767197265941e-05 -3.725028839696031558e-05 5.861973983692057855e-04
-4.102433824975991954e-05 -3.740599369509347297e-05 5.871825748286767406e-04
-4.094646884856993684e-05 -3.755708508658126053e-05 5.881680176650922864e-04
-4.086344026829127760e-05 -3.770474164228592454e-05 5.891535617498797148e-04
-4.077605094285234393e-05 -3.785045521830936898e-05 5.901390194102166479e-04
-4.068565509307513054e-05 -3.799547108422098030e-05 5.911243100375769381e-04
-4.059356278211102262e-05 -3.814118658476338636e-05 5.921093406780514757e-04
-4.050098591021602449e-05 -3.828908876620344546e-05 5.930939995360453437e-04
-4.041189028022785146e-05 -3.844358039764592339e-05 5.940779588018134817e-04
-4.032310145879167195e-05 -3.860211421853766413e-05 5.950613111541443612e-04
-4.023639849617711577e-05 -3.876627204858232539e-05 5.960439211265264933e-04
-4.015368011381556648e-05 -3.893790252331690835e-05 5.970255955399588702e-04
-4.007523569843068082e-05 -3.911775762354862600e-05 5.980061463279440041e-04
-3.997059642584175747e-05 -3.926484376862491812e-05 5.989893049539892194e-04
-3.987835017907846984e-05 -3.943116391132014752e-05 5.999706964173554414e-04
-3.979256648396554518e-05 -3.960857756275374438e-05 6.009510830385406295e-04
-3.970238877914278395e-05 -3.978253793976621789e-05 6.019316949762343241e-04
-3.960782801832148569e-05 -3.995415657108247173e-05 6.029123072860407325e-04
-3.950971116229805410e-05 -4.012419988135870172e-05 6.038928458317030425e-04
-3.940886325428600624e-05 -4.029363535193226134e-05 6.048732130988793837e-04
-3.930460048098945793e-05 -4.046177410870111538e-05 6.058534452891351559e-04
-3.919924937872223708e-05 -4.063276183205153817e-05 6.068330675525464377e-04
-3.909324511185111755e-05 -4.080739157286387313e-05 6.078119777499322186e-04
-3.898698251894746301e-05 -4.098593259528127489e-05 6.087901534612266945e-04
-3.888114633721559546e-05 -4.116935003462749543e-05 6.097674718179501522e-04
-3.877611392008047082e-05 -4.135858060237700720e-05 6.107437669494795822e-04
-3.867202312481990130e-05 -4.155441079964426309e-05 6.117188596856777075e-04
-3.856945791737047475e-05 -4.175701661523674061e-05 6.126927288642720730e-04
-3.845716756561137821e-05 -4.194766772933933329e-05 6.136678843139454533e-04
-3.834995991545102893e-05 -4.215044289967428010e-05 6.146411461911411959e-04
-3.824449349993695540e-05 -4.236085429119601942e-05 6.156130527479209292e-04
-3.813710271341581387e-05 -4.257230593506234316e-05 6.165845230760060025e-04
-3.802801058607541476e-05 -4.278463574804725338e-05 6.175556122674917981e-04
-3.791724601329892814e-05 -4.299779719878903957e-05 6.185263298808519033e-04
-3.780455238782468301e-05 -4.321186996521977349e-05 6.194966246585811333e-04
-3.768988014647449891e-05 -4.342681874200008074e-05 6.204664939035368487e-04
-3.757349085722589235e-05 -4.364248135172528378e-05 6.214360002382310431e-04
-3.745548477457851162e-05 -4.385877997411038331e-05 6.224051693917084793e-04
-3.733579195226913167e-05 -4.407570532119044416e-05 6.233739915272190363e-04
-3.721407381598603148e-05 -4.429331726681236101e-05 6.243424070779151659e-04
-3.709062727976626222e-05 -4.451146354708924405e-05 6.253104838299667744e-04
-3.696561875396648950e-05 -4.473005139847549614e-05 6.262782604973824233e-04
-3.683905831394260037e-05 -4.494904522394453628e-05 6.272457436396919415e-04
-3.671058453333534224e-05 -4.516847785629636049e-05 6.282128749102999787e-04
-3.658035312170223365e-05 -4.538825516230826092e-05 6.291796929586647349e-04
-3.644857783072008106e-05 -4.560828849664607504e-05 6.301462435916638152e-04
-3.631530438840642808e-05 -4.582853451102815326e-05 6.311125403443097401e-04
-3.618034623343128477e-05 -4.604897063952443433e-05 6.320785597894111162e-04
-3.604358914730530929e-05 -4.626954334579791325e-05 6.330442950028658099e-04
-3.590527948158345444e-05 -4.649018162611086991e-05 6.340097942279317340e-04
-3.576552462636568635e-05 -4.671083991454493591e-05 6.349750807526453183e-04
-3.562430132932934383e-05 -4.693148090007437552e-05 6.359401574799012843e-04
-3.548124420683264747e-05 -4.715202573453766151e-05 6.369049858802832125e-04
-3.533662949617420338e-05 -4.737243051555487314e-05 6.378696142622212756e-04
-3.519062182924449534e-05 -4.759266295154840896e-05 6.388340721597588704e-04
-3.504323071829864943e-05 -4.781268779093039923e-05 6.397983669975554084e-04
-3.489417041667826146e-05 -4.803239728791735050e-05 6.407624770001644262e-04
-3.474352301891667151e-05 -4.825174009221611132e-05 6.417264238892618142e-04
-3.459148851956889473e-05 -4.847070911389408422e-05 6.426902380251816108e-04
-3.443812205069929090e-05 -4.868927812689406140e-05 6.436539319198692887e-04
-3.428329330366731374e-05 -4.890735655469803655e-05 6.446175030602712807e-04
-3.412684614927353696e-05 -4.912481581450344858e-05 6.455809526533253483e-04
-3.396900864148032597e-05 -4.934168316175974785e-05 6.465443090137574893e-04
-3.380989016519085459e-05 -4.955795767809549672e-05 6.475075879158131119e-04
-3.364949999329461304e-05 -4.977360387297719593e-05 6.484707967750811923e-04
-3.348747550936834411e-05 -4.998835782956642963e-05 6.494339312296990799e-04
-3.332405949143121907e-05 -5.020228455012801260e-05 6.503970148893363327e-04
-3.315941090854981996e-05 -5.041542361651125834e-05 6.513600632545360741e-04
-3.299354125583323771e-05 -5.062774057357107672e-05 6.523230836760133926e-04
-3.282623742779417511e-05 -5.083902303720478570e-05 6.532860833861416257e-04
-3.265751389784594472e-05 -5.104920300937128855e-05 6.542490767015136065e-04
-3.248755631358802621e-05 -5.125836218112913894e-05 6.552120753445496784e-04
-3.231642817224166062e-05 -5.146650434672109568e-05 6.561750870339602779e-04
-3.214405654954985577e-05 -5.167351202740711846e-05 6.571381214274499456e-04
-3.197024289721627735e-05 -5.187911406612145287e-05 6.581011976001451425e-04
-3.179519734570342794e-05 -5.208344428831366120e-05 6.590643215167286094e-04
-3.161903182526048183e-05 -5.228656122889950206e-05 6.600274978597754204e-04
-3.144175560086469285e-05 -5.248842839629077510e-05 6.609907331491908511e-04
-3.126309978829134738e-05 -5.268865277996112232e-05 6.619540561550608243e-04
-3.108320664326706656e-05 -5.288732187911216706e-05 6.629174710979770981e-04
-3.090222576886327715e-05 -5.308455733332971695e-05 6.638809769178898382e-04
-3.072018515101115823e-05 -5.328034470207333376e-05 6.648445784270516374e-04
-3.053695120931006950e-05 -5.347442883625120794e-05 6.658082981537050051e-04
-3.035246155996213914e-05 -5.366662469533563928e-05 6.667721566801568505e-04
-3.016688912057522885e-05 -5.385711581109237447e-05 6.677361459275646741e-04
-2.998030843996254001e-05 -5.404595871398638109e-05 6.687002648264692845e-04
-2.979271165844753658e-05 -5.423308463159937732e-05 6.696645212865481520e-04
-2.960388035291791891e-05 -5.441800133690228864e-05 6.706289626029315453e-04
-2.941395948032796048e-05 -5.460090033898272200e-05 6.715935750156393300e-04
-2.922307970391345002e-05 -5.478194523071430684e-05 6.725583479388376473e-04
-2.903126430967024383e-05 -5.496111606154255617e-05 6.735232851270049961e-04
-2.883834511672179178e-05 -5.513798258110214610e-05 6.744884270440828188e-04
-2.864435180762294267e-05 -5.531250260043562347e-05 6.754537809039080649e-04
-2.844942777908894096e-05 -5.548490676662643151e-05 6.764193276009773138e-04
-2.825362810490043952e-05 -5.565525886801989006e-05 6.773850613352593204e-04
-2.805692370253473237e-05 -5.582342571974042251e-05 6.783509941027318635e-04
-2.785921448570721570e-05 -5.598905683716847131e-05 6.793171595982560804e-04
-2.766068277709267623e-05 -5.615252306548969849e-05 6.802835254982539121e-04
-2.746143282068815437e-05 -5.631402387610783374e-05 6.812500740312067270e-04
-2.726149493323626284e-05 -5.647357842300042117e-05 6.822168037425805492e-04
-2.706076575800452045e-05 -5.663076808182707485e-05 6.831837565752850276e-04
-2.687550547673490736e-05 -5.681983143950670653e-05 6.841478261924102428e-04
-2.668109775231314185e-05 -5.698894714550994115e-05 6.851138006474829893e-04
-2.648285130812543217e-05 -5.714933285211555087e-05 6.860807378437536967e-04
-2.628739430661959991e-05 -5.731481202365667647e-05 6.870473849124997517e-04
-2.609456427376184885e-05 -5.748483354644603240e-05 6.880137720440533764e-04
-2.590418622819001544e-05 -5.765907646588437651e-05 6.889798936240169522e-04
-2.571595678495945103e-05 -5.783690172268361599e-05 6.899457842585705967e-04
-2.552946876810249977e-05 -5.801739882308020303e-05 6.909115178162737996e-04
-2.534420493390188972e-05 -5.819912294682430776e-05 6.918772575861442849e-04
-2.515971497324865993e-05 -5.838119662397015967e-05 6.928430797921070108e-04
-2.497550093485403303e-05 -5.856264999048187462e-05 6.938090713400860577e-04
-2.479101819508500266e-05 -5.874230318554213667e-05 6.947753476181993230e-04
-2.460571965954321664e-05 -5.891876984623497881e-05 6.957420539085094457e-04
-2.441910443171446741e-05 -5.909080154402483650e-05 6.967093049906887374e-04
-2.423071031238015270e-05 -5.925753909984263961e-05 6.976771371878811266e-04
-2.404010932238222209e-05 -5.941809031763159422e-05 6.986455816845918952e-04
-2.385499296248056581e-05 -5.958685811743405264e-05 6.996136683380925220e-04
-2.366293637629432434e-05 -5.973211496173905889e-05 7.005840595789548063e-04
-2.346663486798169454e-05 -5.984963007060168603e-05 7.015574785649225046e-04
-2.327016813415366640e-05 -5.997774225827851442e-05 7.025295186511904856e-04
-2.308808526479184280e-05 -6.016894770591412194e-05 7.034933041880789360e-04
-2.289729953939998870e-05 -6.031813564058748756e-05 7.044625063751782171e-04
-2.270121866586775292e-05 -6.044051803133598490e-05 7.054354261176408718e-04
-2.250646875115801764e-05 -6.056519863128178557e-05 7.064083217483468815e-04
-2.231261422159136311e-05 -6.069150396022838536e-05 7.073811870244963492e-04
-2.211923153825248164e-05 -6.081857643087503688e-05 7.083540465457705080e-04
-2.192602652182780421e-05 -6.094530524837716629e-05 7.093269861661920337e-04
-2.173253898466456918e-05 -6.107099334151323475e-05 7.103000045166039684e-04
-2.153835265051923234e-05 -6.119495873396612869e-05 7.112731043082513860e-04
-2.134317032279867645e-05 -6.131648065655291005e-05 7.122463125937273081e-04
-2.114689512838423027e-05 -6.143481672871060363e-05 7.132196930825574540e-04
-2.096009624697998960e-05 -6.154338544738038343e-05 7.141960225948856562e-04
-2.076866807866569709e-05 -6.164991456454451747e-05 7.151716967917418327e-04
-2.057322606869383934e-05 -6.175429025354073082e-05 7.161468364979936725e-04
-2.038064563478752666e-05 -6.185278966264773381e-05 7.171231562465504861e-04
-2.019097952761363075e-05 -6.194570988791906852e-05 7.181005932912357462e-04
-2.000971751482532671e-05 -6.201074219556100239e-05 7.190816370627724306e-04
-1.983101668931442735e-05 -6.212448423174477962e-05 7.200574806286526210e-04
-1.965133042762014982e-05 -6.223436414433472237e-05 7.210342839852237461e-04
-1.946043548835981710e-05 -6.228551600162818942e-05 7.220142573193494111e-04
-1.927428120968773673e-05 -6.234617733380379886e-05 7.229945763878673631e-04
-1.909620698875052599e-05 -6.242651548474603619e-05 7.239753082594951525e-04
-1.891718967837300276e-05 -6.250853025264069707e-05 7.249557290459275778e-04
-1.873701704600487354e-05 -6.259337814798655864e-05 7.259356962449642781e-04
-1.855572283500294428e-05 -6.268198253203791266e-05 7.269151233181743183e-04
-1.837308547920798963e-05 -6.277516825922730564e-05 7.278938744113923245e-04
-1.819823949050180221e-05 -6.288075976552434632e-05 7.288727349052609786e-04
-1.801144978060321853e-05 -6.296829646917081146e-05 7.298509546033093640e-04
-1.782183506356316681e-05 -6.306065390962503874e-05 7.308283331160100264e-04
-1.763657089005102094e-05 -6.316420442232292126e-05 7.318055508330285810e-04
-1.745161868736313704e-05 -6.326759583783630753e-05 7.327828444666868637e-04
-1.726726933153796721e-05 -6.337037864819898862e-05 7.337603160790298878e-04
-1.708402935371259728e-05 -6.347201513184933745e-05 7.347381158309433322e-04
-1.690257226250813097e-05 -6.357193934388111287e-05 7.357164239506826936e-04
-1.672308067392660037e-05 -6.366966372010779440e-05 7.366953165341783103e-04
-1.654596171173439639e-05 -6.377093094165929902e-05 7.376742774698162326e-04
-1.637170379603017904e-05 -6.387616003940908946e-05 7.386533368462769224e-04
-1.620038927504265159e-05 -6.400690088318465771e-05 7.396297071795661024e-04
-1.603281074658654645e-05 -6.411990456144511655e-05 7.406088963997699715e-04
-1.585398274733952929e-05 -6.415512971897849043e-05 7.415911937538642931e-04
-1.568441084275395278e-05 -6.422208498181739618e-05 7.425736623033832046e-04
-1.553521346082755887e-05 -6.432717828928056526e-05 7.435567845180931015e-04
-1.536804699528559874e-05 -6.442202279774940691e-05 7.445379645622807185e-04
-1.520427867385075342e-05 -6.450438945891398914e-05 7.455209724235066851e-04
-1.504764117473746098e-05 -6.458547933599674974e-05 7.465052932491794517e-04
-1.489338683415734557e-05 -6.466832140263781921e-05 7.474898443435142124e-04
-1.474211602841163596e-05 -6.475300265372096065e-05 7.484747013438667208e-04
-1.459371671482414103e-05 -6.483950501977576140e-05 7.494598372351423884e-04
-1.444804537389252088e-05 -6.492772521296477780e-05 7.504452279613153809e-04
-1.430513863720700969e-05 -6.501749004200699114e-05 7.514308840034977701e-04
-1.416521176832342496e-05 -6.510856921164484676e-05 7.524168468487357764e-04
-1.402837017893297486e-05 -6.520069569519218163e-05 7.534031454124253020e-04
-1.389433472963723833e-05 -6.529359654367598831e-05 7.543897569355865335e-04
-1.376293473052420197e-05 -6.538700795223968589e-05 7.553766747903538966e-04
-1.363408829136433727e-05 -6.548069303827027559e-05 7.563639034006454376e-04
-1.350110969061409507e-05 -6.560334786071807007e-05 7.573472125205411073e-04
-1.338883477001876957e-05 -6.567502539443664561e-05 7.583373085135684116e-04
-1.326124501411356531e-05 -6.574409696715213488e-05 7.593264524101660251e-04
-1.313525139929070323e-05 -6.582924963974817322e-05 7.603147807134669634e-04
-1.301688146069965506e-05 -6.591418368155625869e-05 7.613041086422210613e-04
-1.290139342131201010e-05 -6.599569586551329054e-05 7.622940653324017640e-04
-1.278832040435849476e-05 -6.607427443481081854e-05 7.632845385281519009e-04
-1.267723677448681115e-05 -6.615052045850509162e-05 7.642754195633196575e-04
-1.256775194657817298e-05 -6.622511970991093986e-05 7.652666042639894462e-04
-1.245959884390876580e-05 -6.629879242903762514e-05 7.662580046787314907e-04
-1.235216821834690890e-05 -6.637233524664905250e-05 7.672494934893056388e-04
-1.224490958209259816e-05 -6.644653998782730064e-05 7.682409515408856939e-04
-1.213739504035837185e-05 -6.652215095179216076e-05 7.692322754042284043e-04
-1.202933002335461492e-05 -6.659981823325644950e-05 7.702233801290532360e-04
-1.192034786137987639e-05 -6.668012012343103715e-05 7.712141740305504881e-04
-1.181009274517050525e-05 -6.676353675157403885e-05 7.722045692950599543e-04
-1.171999374090845572e-05 -6.685837760158960656e-05 7.731958562028399227e-04
-1.160409296722632890e-05 -6.693124764778908933e-05 7.741860046604890667e-04
-1.148680657927035017e-05 -6.701147778747204760e-05 7.751757268186563847e-04
-1.137672476542837316e-05 -6.710002837475667766e-05 7.761656967349738531e-04
-1.125732363262337978e-05 -6.718743773580953312e-05 7.771546658232261501e-04
-1.114468738978903754e-05 -6.726521951791736688e-05 7.781452050095712201e-04
-1.104397500938685427e-05 -6.734980632556081303e-05 7.791364803839294015e-04
-1.093684682807247307e-05 -6.743441726952031966e-05 7.801270926791959489e-04
-1.082500163915956261e-05 -6.751588716537647403e-05 7.811174728235184116e-04
-1.071248954985447289e-05 -6.759620376622852138e-05 7.821078716984041987e-04
-1.059923317325111313e-05 -6.767566918107950484e-05 7.830982544484025362e-04
-1.048515176512355865e-05 -6.775459141396736177e-05 7.840885859661684415e-04
-1.037026146220781510e-05 -6.783335119634663433e-05 7.850788369340500929e-04
-1.025461973937148045e-05 -6.791231090722945544e-05 7.860689845079504336e-04
-1.013830564672089654e-05 -6.799179568677646995e-05 7.870590112884039147e-04
-1.002431312605635339e-05 -6.808126850553119158e-05 7.880484323968793298e-04
-9.887124205183302366e-06 -6.815631915765855617e-05 7.890359162809070480e-04
-9.753934789335728920e-06 -6.823390005082085609e-05 7.900238888739390206e-04
-9.623617162970428561e-06 -6.831715787715109372e-05 7.910118558562867670e-04
-9.488321942251850465e-06 -6.840162071983757442e-05 7.919990518575170235e-04
-9.348888636910559824e-06 -6.848734593671969642e-05 7.929855638738251937e-04
-9.206492680922029656e-06 -6.857440898983644816e-05 7.939715362768060350e-04
-9.060309562194289934e-06 -6.866262085803718281e-05 7.949568508940163623e-04
-8.897547141646186772e-06 -6.875053835127332741e-05 7.959395390259944771e-04
-8.745813549561526196e-06 -6.883279733187029495e-05 7.969244558581930604e-04
-8.599094465942894318e-06 -6.891911513886759232e-05 7.979098505013950803e-04
-8.451070773565033691e-06 -6.900733447429377334e-05 7.988948916405717859e-04
-8.303506631986808854e-06 -6.909435750377567386e-05 7.998801080445177691e-04
-8.157245046345260522e-06 -6.918004081940079563e-05 8.008656358335524729e-04
-8.013111851629383056e-06 -6.926431790161171177e-05 8.018515979854911116e-04
-7.858030309078168989e-06 -6.935921818079717090e-05 8.028348754591779074e-04
-7.708415363487634858e-06 -6.945170566916994491e-05 8.038192517852659185e-04
-7.559289165189688122e-06 -6.953638223671689401e-05 8.048044296330291326e-04
-7.404346605490127950e-06 -6.962010928615786944e-05 8.057887945156078091e-04
-7.244303823181380494e-06 -6.970542483307102274e-05 8.067722080969971874e-04
-7.080306882078640208e-06 -6.979223849255827448e-05 8.077548398033600370e-04
-6.913506543377548504e-06 -6.988037486417591647e-05 8.087368825590345381e-04
-6.744804276574941446e-06 -6.996953307585611532e-05 8.097185085397717776e-04
-6.575506069201738549e-06 -7.005947292416555541e-05 8.106999609453393717e-04
-6.407102507589406097e-06 -7.014997591161583744e-05 8.116815153295477755e-04
-6.239883468425488288e-06 -7.024061883323039180e-05 8.126632593796942992e-04
-6.076299951625345885e-06 -7.033129499187606125e-05 8.136456102889589020e-04
-5.897615471186170200e-06 -7.041877078121767616e-05 8.146255535535821234e-04
-5.743731681542595540e-06 -7.050775272813318225e-05 8.156093794855392553e-04
-5.596653744057381453e-06 -7.059634448013704221e-05 8.165945137250407194e-04
-5.426457256463271547e-06 -7.069796121767974221e-05 8.175745311430880104e-04
-5.265660470180166668e-06 -7.078121952236766262e-05 8.185577737746269761e-04
-5.112363907184237294e-06 -7.086241365357874339e-05 8.195425922984281124e-04
-4.955034349316312570e-06 -7.094786824189847237e-05 8.205264310585799140e-04
-4.792575587858233401e-06 -7.103313970958429694e-05 8.215094520468593613e-04
-4.625185033444706288e-06 -7.111793110859886363e-05 8.224916869961421129e-04
-4.453150187106063585e-06 -7.120191006323548942e-05 8.234731893299997250e-04
-4.277244613593481518e-06 -7.128484406662221023e-05 8.244540951003382669e-04
-4.098213757090696719e-06 -7.136647275736184351e-05 8.254345452140079455e-04
-3.916722915081069869e-06 -7.144650998571112520e-05 8.264146745007897813e-04
-3.736571237990086748e-06 -7.152862257849729752e-05 8.273948775561509698e-04
-3.570436988364240334e-06 -7.162482606633803158e-05 8.283761999081172122e-04
-3.384850439824115924e-06 -7.170419870105517888e-05 8.293553559835064974e-04
-3.198028197235676146e-06 -7.177722351301915604e-05 8.303350059244269353e-04
-3.016955676765128483e-06 -7.185168142639279752e-05 8.313156526041178863e-04
-2.801505506550977198e-06 -7.194885870738206620e-05 8.322869051335030945e-04
-2.613229603529737102e-06 -7.202082502052310862e-05 8.332656660992804679e-04
-2.453684317595604004e-06 -7.209554651491939948e-05 8.342499272922664251e-04
-2.281202668018039058e-06 -7.217938470841901244e-05 8.352312952509639496e-04
-2.100336651183355211e-06 -7.226591185784667689e-05 8.362109880996992754e-04
-1.918636198006882096e-06 -7.235526819028644701e-05 8.371902729074113224e-04
-1.736071557981326888e-06 -7.244670760073000778e-05 8.381692050165793877e-04
-1.552468801447880711e-06 -7.253933258748155341e-05 8.391478317046731708e-04
-1.367533818065557488e-06 -7.263212132189487773e-05 8.401261919878904964e-04
-1.181086528894412002e-06 -7.272407211979013762e-05 8.411043441589769951e-04
-9.930755510492833453e-07 -7.281425768708081842e-05 8.420823610410976996e-04
-8.034156963218617019e-07 -7.290177535152626810e-05 8.430603014055811258e-04
-6.120152207248388844e-07 -7.298578492221788675e-05 8.440382096805546831e-04
-4.187709900985729580e-07 -7.306551532466055402e-05 8.450161128828103871e-04
-2.238466567917544146e-07 -7.314048436030930135e-05 8.459940589862703815e-04
-2.099145701670581501e-08 -7.325817476283297128e-05 8.469657074695914611e-04
1.550108285995821406e-07 -7.333277074184202100e-05 8.479461656202527849e-04
3.371148871361374896e-07 -7.339952631311599362e-05 8.489270024847140120e-04
5.244715593694549941e-07 -7.347901314598170484e-05 8.499060668721320627e-04
7.229176288919069420e-07 -7.355790330032511049e-05 8.508829607527870764e-04
9.201758674907727039e-07 -7.365501277056443047e-05 8.518583970373622312e-04
1.083811050733991913e-06 -7.375434976922608666e-05 8.528396751153995495e-04
1.263088573369091829e-06 -7.385621007307582961e-05 8.538179815371208826e-04
1.447123774655856059e-06 -7.395279133541992071e-05 8.547961154285604879e-04
1.628583879891323061e-06 -7.404593948890140186e-05 8.557750920193331508e-04
1.811807722869263133e-06 -7.413808073056192527e-05 8.567538349915013174e-04
1.997132221438562955e-06 -7.422783608061522863e-05 8.577324033712729542e-04
2.184815876717211828e-06 -7.431406180731346548e-05 8.587108386070643751e-04
2.375037675727140199e-06 -7.439580013846863325e-05 8.596891678763663065e-04
2.567873324961492316e-06 -7.447227999631752810e-05 8.606674098006277494e-04
2.768378277291417359e-06 -7.460778926317646119e-05 8.616367766311194831e-04
2.953976651544587670e-06 -7.467956474364310677e-05 8.626146346316396034e-04
3.143995220776793072e-06 -7.474069144029632798e-05 8.635942038169417030e-04
3.339579365304310321e-06 -7.482216438437802695e-05 8.645714951042980136e-04
3.534028388952098091e-06 -7.490999546938679652e-05 8.655484632003216869e-04
3.727051828287380093e-06 -7.500317809761507899e-05 8.665252195074434061e-04
3.918538716909366197e-06 -7.510057722740744255e-05 8.675018680418524961e-04
4.126229458463582306e-06 -7.519174218983143572e-05 8.684757152758381879e-04
4.336023534767567386e-06 -7.528203938244224197e-05 8.694492689495926345e-04
4.510298122295255785e-06 -7.538294270482314352e-05 8.704284806341352695e-04
4.679545737099892335e-06 -7.548263173711194289e-05 8.714089543370826148e-04
4.862316795342131914e-06 -7.557371181937212539e-05 8.723878585894760673e-04
5.047218277785406910e-06 -7.565756480966770187e-05 8.733670258010413183e-04
5.229344296037879968e-06 -7.573415201404375824e-05 8.743473061026949857e-04
5.408556981018423701e-06 -7.580264497387537756e-05 8.753287202449026513e-04
5.591384204411196625e-06 -7.591167844657898539e-05 8.763052976163135041e-04
5.760556907386701898e-06 -7.595362627231891242e-05 8.772877762307125515e-04
5.945137527423637089e-06 -7.595927449946914402e-05 8.782703852812869146e-04
6.127042288693072890e-06 -7.598165981024013909e-05 8.792533438975558106e-04
6.300783371117284222e-06 -7.600472974039122840e-05 8.802378569676303985e-04
6.475043640626577124e-06 -7.602042796602235554e-05 8.812224257663853373e-04
6.649834205350566333e-06 -7.603024435166562617e-05 8.822069790294650993e-04
6.824995793676469491e-06 -7.603580186980193564e-05 8.831915014154210868e-04
7.000452030344578072e-06 -7.603885329446691071e-05 8.841759835053163152e-04
7.176270779925973239e-06 -7.604125168848704052e-05 8.851604031166119928e-04
7.352433251555317899e-06 -7.604482729621411113e-05 8.861447572422686235e-04
7.535695988157043262e-06 -7.604582000218633193e-05 8.871277967565124704e-04
7.724410306172546553e-06 -7.604689788671296165e-05 8.881098252830222500e-04
7.894214096176362471e-06 -7.606275224405048866e-05 8.890949525680422356e-04
8.043148716062118242e-06 -7.609334672978556712e-05 8.900833067793591409e-04
8.209213278164396595e-06 -7.613978813218668057e-05 8.910680532022712159e-04
8.378480202600295941e-06 -7.613325531497445499e-05 8.920516976002991830e-04
8.537425250571096399e-06 -7.611569333260873157e-05 8.930378924220808493e-04
8.697444433547609844e-06 -7.613504671143776618e-05 8.940248069026881031e-04
8.854211833234613632e-06 -7.614693206612367638e-05 8.950123635815916343e-04
9.007981317897139048e-06 -7.615253564559589720e-05 8.960004492965588201e-04
9.159095151656612309e-06 -7.615333226137882517e-05 8.969889625431398499e-04
9.308084481412650532e-06 -7.615112260045136681e-05 8.979777978936408049e-04
9.455484576311805843e-06 -7.614784466651616204e-05 8.989668691705399693e-04
9.601752409121340611e-06 -7.614542427904887544e-05 8.999561107325393904e-04
9.747275752155833698e-06 -7.614568324886418060e-05 9.009454639272080657e-04
9.900767532935046125e-06 -7.613643044952055495e-05 9.019334818100551224e-04
1.005482362764512921e-05 -7.613296356951867181e-05 9.029214004382789954e-04
1.021184030275053650e-05 -7.613000982490476971e-05 9.039088644131861375e-04
1.037132073938901012e-05 -7.613288170194140638e-05 9.048958915628697169e-04
1.053312468210785648e-05 -7.614901806153155119e-05 9.058825507883643512e-04
1.067417144224706656e-05 -7.614149061096332869e-05 9.068719741031753580e-04
1.080248691471582678e-05 -7.613998824150368253e-05 9.078633577781032235e-04
1.094843227790047072e-05 -7.615160430096478772e-05 9.088525232401447121e-04
1.109816259753610034e-05 -7.615101917267941820e-05 9.098412409663252272e-04
1.124402366319173122e-05 -7.614385223616402403e-05 9.108305140095918941e-04
1.138644465643358531e-05 -7.613162817979073017e-05 9.118202410178005875e-04
1.152590583279239512e-05 -7.611594613727673238e-05 9.128103425211312599e-04
1.166294540651294741e-05 -7.609841831687318137e-05 9.138007522620479953e-04
1.179824074622386421e-05 -7.608089644830151252e-05 9.147914022666326327e-04
1.193252810106476231e-05 -7.606528235433655089e-05 9.157822206849498825e-04
1.206650668521141435e-05 -7.605324489767363116e-05 9.167731294485478681e-04
1.220082540553376954e-05 -7.604607950019819638e-05 9.177640380804170245e-04
1.233615217387207525e-05 -7.604503211602816086e-05 9.187548325240795476e-04
1.247312133861575755e-05 -7.605122469163910868e-05 9.197453806929958148e-04
1.258763398218957636e-05 -7.605842329104832661e-05 9.207385291467150984e-04
1.269599877647934937e-05 -7.605884002340627188e-05 9.217325416396161646e-04
1.281825082778790516e-05 -7.606792554434357444e-05 9.227249310428476195e-04
1.293601140915568687e-05 -7.608690369829217257e-05 9.237177769307607263e-04
1.304389043257967354e-05 -7.610459701864379306e-05 9.247117728650427332e-04
1.313625038325038042e-05 -7.612686342082909219e-05 9.257071864415523064e-04
1.321708259892943637e-05 -7.615495106716510261e-05 9.267035148536875364e-04
1.330301949905303702e-05 -7.616481291476897176e-05 9.276996037657098820e-04
1.338877361385198759e-05 -7.617300247525775510e-05 9.286958141053475863e-04
1.347137509646489210e-05 -7.619083438049331419e-05 9.296922369876532179e-04
1.355711792375930837e-05 -7.620877514863202170e-05 9.306883904547807486e-04
1.364892944204754032e-05 -7.622689377012156395e-05 9.316839958699511641e-04
1.374942797232663650e-05 -7.624535331412428093e-05 9.326787507898831077e-04
1.386081736515429861e-05 -7.626409914511387200e-05 9.336723347237608356e-04
1.398481077825816744e-05 -7.628281757459393487e-05 9.346644206280107017e-04
1.402431577985852833e-05 -7.630496396684718831e-05 9.356610392879266026e-04
1.410040151679669264e-05 -7.633380282613471627e-05 9.366554829371175929e-04
1.421632657425702939e-05 -7.636055282966550302e-05 9.376483459052394748e-04
1.431073866697143278e-05 -7.638671569877865364e-05 9.386434638937496584e-04
1.438222075806579777e-05 -7.641538042248358694e-05 9.396404390433670331e-04
1.443422520099037776e-05 -7.644589816380486299e-05 9.406385824849115840e-04
1.447115665028449943e-05 -7.647743188789260245e-05 9.416373826743261975e-04
1.449816916205777707e-05 -7.650889336218278010e-05 9.426365153383251330e-04
1.452099489009233873e-05 -7.653871571578320723e-05 9.436358088120082137e-04
1.454544275535635172e-05 -7.656590609050028791e-05 9.446351380270777073e-04
1.457726868513882614e-05 -7.658949362563790479e-05 9.456343429175713931e-04
1.462196017866098566e-05 -7.660838731031684352e-05 9.466331413580239204e-04
1.468452207666169939e-05 -7.662130571894738775e-05 9.476310577203436898e-04
1.476906520561297198e-05 -7.662740565662018932e-05 9.486274016015259700e-04
1.487858382586396114e-05 -7.662628162312544911e-05 9.496213156194120014e-04
1.488694991130196728e-05 -7.668255728109973424e-05 9.506169881327609927e-04
1.501972492076424832e-05 -7.670974316016147495e-05 9.516017168582197559e-04
1.518444590496392213e-05 -7.671848584989416329e-05 9.525877422112711407e-04
1.533076350579957951e-05 -7.673832585323909518e-05 9.535767542448447820e-04
1.547284900829785258e-05 -7.677132060110736244e-05 9.545660384131624161e-04
1.561145692135626402e-05 -7.681497371683722233e-05 9.555554102195192370e-04
1.574755698448065608e-05 -7.686606076452359975e-05 9.565447818915026428e-04
1.588209699578604505e-05 -7.692155539100204581e-05 9.575341332662577407e-04
1.601606835019458086e-05 -7.697840477236893677e-05 9.585234864955285115e-04
1.615052879862329709e-05 -7.703324523448647817e-05 9.595128846887927485e-04
1.628656792799564347e-05 -7.708252417966087702e-05 9.605023532802854647e-04
1.642525262943984822e-05 -7.712277919646327699e-05 9.614918544165796700e-04
1.656751741002631184e-05 -7.715099810594616442e-05 9.624812545887895601e-04
1.671452421164893191e-05 -7.716426776365462774e-05 9.634702620458031504e-04
1.686818012823834961e-05 -7.715946489659779198e-05 9.644583194485089467e-04
1.698668936923672306e-05 -7.718349483243778435e-05 9.654473506113350235e-04
1.710036495016035510e-05 -7.725134978594358688e-05 9.664276658785317387e-04
1.738306630234797003e-05 -7.721216708263962654e-05 9.673842381869835437e-04
1.756882875555385330e-05 -7.719181631531323799e-05 9.683665899747955982e-04
1.776489521567889781e-05 -7.718588478028498101e-05 9.693471396721585649e-04
1.796981118087821963e-05 -7.719208160441105632e-05 9.703258842020914994e-04
1.818177282229611850e-05 -7.720824887707974883e-05 9.713030204987886142e-04
1.839877620206677901e-05 -7.723150536552235825e-05 9.722789116811750287e-04
1.861866627152328454e-05 -7.725855905442535027e-05 9.732540610119483175e-04
1.883919570930567850e-05 -7.728575192632685634e-05 9.742290615018037170e-04
1.905807808621182264e-05 -7.730965648300761831e-05 9.752045166722639151e-04
1.927515701164895655e-05 -7.733099895468117523e-05 9.761804043160208708e-04
1.949690576058146798e-05 -7.736676081965034046e-05 9.771546732392703653e-04
1.968109480955463001e-05 -7.736512191045937718e-05 9.781375478871657744e-04
1.987306110159188605e-05 -7.734830302681546487e-05 9.791187914884561146e-04
2.005402038304421905e-05 -7.733046174753241484e-05 9.801014348847156277e-04
2.025611619944110841e-05 -7.741894101301933400e-05 9.810733274045954633e-04
2.064053824909757749e-05 -7.725699890190814985e-05 9.819812176065185680e-04
2.085627785698852455e-05 -7.720742188760019390e-05 9.829563803228887411e-04
2.111103604933923901e-05 -7.715429208161433397e-05 9.839219011582678136e-04
2.140061770988144313e-05 -7.709745993330180912e-05 9.848773496641191616e-04
2.171949521611935262e-05 -7.703667034618338720e-05 9.858231853265351889e-04
2.206116484715846363e-05 -7.697149121624049996e-05 9.867607391690928417e-04
2.241853046133939596e-05 -7.690161694176284154e-05 9.876920856009903556e-04
2.278426196553766909e-05 -7.682725618003650916e-05 9.886198306584452825e-04
2.315076172856600647e-05 -7.674828429272319698e-05 9.895468912631062881e-04
2.351040780068492414e-05 -7.666470607724540115e-05 9.904762291458707978e-04
2.385568422567760263e-05 -7.657604763652054879e-05 9.914105312083618810e-04
2.417973739341848207e-05 -7.648306482777954393e-05 9.923519845909268416e-04
2.447617997257462138e-05 -7.638610781195651620e-05 9.933020926758710442e-04
2.473954688819006984e-05 -7.628567472457324292e-05 9.942615363352168799e-04
2.504173072544318019e-05 -7.630500552486457809e-05 9.952144976798815885e-04
2.537531684085742780e-05 -7.605298461051441410e-05 9.961216165908374012e-04
2.560917961183581252e-05 -7.592515213269759584e-05 9.970846490276945133e-04
2.584955398516303020e-05 -7.579519009088086351e-05 9.980465841806212407e-04
2.609863944047342726e-05 -7.565777358888991101e-05 9.990052638540066442e-04
2.638531499397092178e-05 -7.546129215839283023e-05 9.999427628527915446e-04
2.666144475126741808e-05 -7.527488899535213012e-05 1.000885619222739026e-03
2.694924070014014338e-05 -7.513616625487298058e-05 1.001833095414414801e-03
2.723027881519108376e-05 -7.498757698094460865e-05 1.002781203093553158e-03
2.748998462229308582e-05 -7.481369295846756139e-05 1.003731033443551642e-03
2.774132705476220676e-05 -7.463617448003532736e-05 1.004682510668629142e-03
2.798266062118366635e-05 -7.446099079718105024e-05 1.005637000336596400e-03
2.820997784423781275e-05 -7.429095161775580922e-05 1.006595840003028826e-03
2.841969657186374442e-05 -7.412844210133200313e-05 1.007559967112158471e-03
2.860896683864080266e-05 -7.397557603335007035e-05 1.008529870718314920e-03
2.888506238918300449e-05 -7.386328775932189867e-05 1.009482969733826573e-03
2.906765667924636508e-05 -7.361128837275937099e-05 1.010427241404368223e-03
2.921118693703927553e-05 -7.342935496639395657e-05 1.011397322749920790e-03
2.937251802785538623e-05 -7.326877102932246417e-05 1.012370912547852671e-03
2.954805214151605904e-05 -7.308950886526553541e-05 1.013338890960546138e-03
2.972886806199388914e-05 -7.290125749484566208e-05 1.014304217097157686e-03
2.993093696045231585e-05 -7.269815090859792889e-05 1.015262157532460883e-03
3.012763566857546696e-05 -7.249721302712098863e-05 1.016221746759876903e-03
3.032456674099097286e-05 -7.227252499393453059e-05 1.017175870703445045e-03
3.051215179775552651e-05 -7.202534203928264160e-05 1.018126445858132372e-03
3.066921492810484843e-05 -7.181994012512494976e-05 1.019091658843024589e-03
3.083601414052538752e-05 -7.163033622507636224e-05 1.020059091202670659e-03
3.100717175993602978e-05 -7.143669746514511238e-05 1.021025103525088299e-03
3.116673924282593584e-05 -7.124513778426804422e-05 1.021993508014497343e-03
3.131405542386336664e-05 -7.105844309234360119e-05 1.022964794572186597e-03
3.152599809661794873e-05 -7.088818958949791250e-05 1.023925671522982802e-03
3.161877641746886565e-05 -7.065539157155695162e-05 1.024884503788161573e-03
3.168164971634622511e-05 -7.041994556478222594e-05 1.025852383045455871e-03
3.181075019101240126e-05 -7.022931393545942360e-05 1.026825194779677937e-03
3.192266789959559192e-05 -7.003323194089530789e-05 1.027798809313243932e-03
3.199962350741981075e-05 -6.983089013685901149e-05 1.028775031202518436e-03
3.207490661314720448e-05 -6.962515296699089246e-05 1.029750680268887511e-03
3.215431697859172806e-05 -6.941339836243553500e-05 1.030724768846036539e-03
3.223237354718154181e-05 -6.920668371567939711e-05 1.031700046058592248e-03
3.232849795552877984e-05 -6.899607660240416305e-05 1.032672649610925485e-03
3.243300893196118128e-05 -6.879051243215126058e-05 1.033645487719216279e-03
3.252521882743786405e-05 -6.859820407260115314e-05 1.034622471230309346e-03
3.261879767623876734e-05 -6.838490269746643282e-05 1.035594728093052353e-03
3.272077214108597875e-05 -6.817489906104833507e-05 1.036566361172829541e-03
3.282786336161157552e-05 -6.803177805021609203e-05 1.037549656476979137e-03
3.295087254034505139e-05 -6.791710981870327838e-05 1.038534266669777651e-03
3.305940147182627275e-05 -6.777073933802364746e-05 1.039512233618171931e-03
3.307446667020594620e-05 -6.760811841158817276e-05 1.040496834429948877e-03
3.316897839265923299e-05 -6.747145824800920507e-05 1.041482902815029591e-03
3.324803815270936923e-05 -6.733869792577614345e-05 1.042470867058671157e-03
3.331326015469894883e-05 -6.720984715405511683e-05 1.043460365250888523e-03
3.336693816908371194e-05 -6.708493887909325543e-05 1.044451068158960740e-03
3.341157223625546691e-05 -6.696387944946450828e-05 1.045442702538028779e-03
3.344989788082739835e-05 -6.684651253486622268e-05 1.046435048158521515e-03
3.348478082264271514e-05 -6.673262211153239813e-05 1.047427927667520572e-03
3.351926440126358752e-05 -6.662192714817011187e-05 1.048421182504232982e-03
3.356219615274531350e-05 -6.650915013222302892e-05 1.049413760680099113e-03
3.362864011002363837e-05 -6.638571276421649959e-05 1.050403860067859914e-03
3.369079324546324334e-05 -6.627024530312643159e-05 1.051395116529973278e-03
3.373592387491848441e-05 -6.613365787258428813e-05 1.052384702935776385e-03
3.381164448727391107e-05 -6.600496045886027150e-05 1.053372405793955632e-03
3.393565062804885287e-05 -6.590632803577961302e-05 1.054356854840455583e-03
3.393406696266028111e-05 -6.577574756499223602e-05 1.055346975681002112e-03
3.402541760003214389e-05 -6.569802359264202067e-05 1.056339597191655825e-03
3.411327898539866314e-05 -6.564998314341657958e-05 1.057334502293768696e-03
3.420172035590203768e-05 -6.557637287441077454e-05 1.058327847793015444e-03
3.429153831573264835e-05 -6.549728962657303639e-05 1.059320638232827579e-03
3.437828060724488024e-05 -6.543340740156397680e-05 1.060314802497478327e-03
3.446238969131996049e-05 -6.538161131443177702e-05 1.061309903068500485e-03
3.454441894045410502e-05 -6.533816668001696021e-05 1.062305582218132580e-03
3.462492263745895903e-05 -6.529919827213697574e-05 1.063301574060887371e-03
3.470446620989256188e-05 -6.526084812406660475e-05 1.064297667079781243e-03
3.478361142163936755e-05 -6.521941364829409804e-05 1.065293665209346950e-03
3.486291958734532388e-05 -6.517118574408141461e-05 1.066289339037277632e-03
3.494846963608794449e-05 -6.510611940269391885e-05 1.067283398389523661e-03
3.505889579248326350e-05 -6.503069805855963821e-05 1.068274144793766086e-03
3.514831620638043209e-05 -6.496295921876323563e-05 1.069265756056812875e-03
3.518191293769875987e-05 -6.486804611363794916e-05 1.070259931150863934e-03
3.526334601829505530e-05 -6.475675184566913854e-05 1.071250362094636980e-03
3.534232753883364913e-05 -6.463459738159173555e-05 1.072239710680234284e-03
3.542104075435238561e-05 -6.450777406461143755e-05 1.073228502593750328e-03
3.551091528052074432e-05 -6.440551170736910863e-05 1.074218747980125802e-03
3.560833105065743632e-05 -6.431238964904896472e-05 1.075208984454260538e-03
3.568645541442937695e-05 -6.417217171108379598e-05 1.076195989007076165e-03
3.574312920597081240e-05 -6.402113144449327249e-05 1.077182717413042914e-03
3.579906137995150323e-05 -6.387250956775339101e-05 1.078169518056201585e-03
3.589143720911937800e-05 -6.374500205502846360e-05 1.079157043575746603e-03
3.598574943581081542e-05 -6.361996233219339970e-05 1.080144700989327244e-03
3.608266638048671841e-05 -6.349787287967735723e-05 1.081132474587910043e-03
3.618277779214903984e-05 -6.337933397492848662e-05 1.082120360972541138e-03
3.629358602175928298e-05 -6.326837695887918230e-05 1.083107907229061227e-03
3.638571875010557341e-05 -6.314862522317398667e-05 1.084095272873530393e-03
3.644515084906049124e-05 -6.301278546676038531e-05 1.085083678785144119e-03
3.653871647800792605e-05 -6.289737839896112237e-05 1.086072574144569553e-03
3.662550999781825076e-05 -6.278010849253485345e-05 1.087061869233155349e-03
3.670647017719102850e-05 -6.266125882249064976e-05 1.088051472001806599e-03
3.678281336012582058e-05 -6.254139176533875331e-05 1.089041320599541500e-03
3.685599925020719488e-05 -6.242136345647059928e-05 1.090031389222185284e-03
3.692764109530401450e-05 -6.230221175096139769e-05 1.091021676913887534e-03
3.699937586827205629e-05 -6.218474939661767706e-05 1.092012159374480904e-03
3.707282625267538948e-05 -6.206959442523503204e-05 1.093002785784340410e-03
3.714960659004929437e-05 -6.195760466789987386e-05 1.093993520665436682e-03
3.723121031052447830e-05 -6.184975915906784064e-05 1.094984326889160507e-03
3.731891905229872599e-05 -6.174687887513331591e-05 1.095975137891003637e-03
3.741372544000834638e-05 -6.164915367993538723e-05 1.096965815067044332e-03
3.751636604325781589e-05 -6.155697024599832221e-05 1.097956241338959860e-03
3.760689129287595579e-05 -6.145979790988183897e-05 1.098947043551969181e-03
3.768290096741404017e-05 -6.135645536342879461e-05 1.099938454811102365e-03
3.778432335087752303e-05 -6.126788228500160344e-05 1.100929327676905631e-03
3.787671814779292289e-05 -6.117555500603750291e-05 1.101920758528438134e-03
3.796765902069946613e-05 -6.108382370965305549e-05 1.102912378969804052e-03
3.805927588060751209e-05 -6.099381222961054532e-05 1.103904095448581500e-03
3.814786049955811619e-05 -6.090344590320754224e-05 1.104896055799753883e-03
3.823441402520405422e-05 -6.081299508654497643e-05 1.105888188186547692e-03
3.831995892993754124e-05 -6.072296047506984488e-05 1.106880446056749887e-03
3.840547626562198808e-05 -6.063393068839395349e-05 1.107872796761714095e-03
3.849190778320533756e-05 -6.054645180087073555e-05 1.108865205841569595e-03
3.858024915197547918e-05 -6.046081727615866888e-05 1.109857607019437004e-03
3.867133454889512724e-05 -6.037739462356794183e-05 1.110849947854879779e-03
3.876578992344820483e-05 -6.029653580582041371e-05 1.111842185277867306e-03
3.886401780391831879e-05 -6.021851282321537589e-05 1.112834283050475031e-03
3.895837866634792714e-05 -6.013931452758835606e-05 1.113826624120647577e-03
3.904904791097535627e-05 -6.005890009295097843e-05 1.114819200652259531e-03
3.915112257324998980e-05 -5.998500313103169131e-05 1.115811228835811818e-03
3.925275183629092687e-05 -5.991160049724379765e-05 1.116803339414487815e-03
3.935391929256829171e-05 -5.983868536838112635e-05 1.117795533181146356e-03
3.945483621680108362e-05 -5.976619164911294436e-05 1.118787783341722644e-03
3.955554338453086942e-05 -5.969411725196677030e-05 1.119780085361378463e-03
3.965596714677709208e-05 -5.962245005145417210e-05 1.120772445576769406e-03
3.975600342052582227e-05 -5.955115416813155498e-05 1.121764871691566506e-03
3.985578422188747189e-05 -5.948018530506510179e-05 1.122757346971185125e-03
3.995537213293828767e-05 -5.940951713731586615e-05 1.123749863081695364e-03
4.005124681650215238e-05 -5.933731329514641543e-05 1.124742620948607826e-03
4.014391247508606187e-05 -5.926384770141746879e-05 1.125735595603811600e-03
4.024080544060759581e-05 -5.919293756271786302e-05 1.126728361028446306e-03
4.033656675927258493e-05 -5.912171225418645556e-05 1.127721213679527996e-03
4.043116694572001097e-05 -5.905013314501353399e-05 1.128714152184566444e-03
4.052438591907377716e-05 -5.897808564529440816e-05 1.129707187227440342e-03
4.061604113924423162e-05 -5.890545588347670646e-05 1.130700325573288489e-03
4.070638881233679818e-05 -5.883229488057982882e-05 1.131693544728938194e-03
4.079541484057021196e-05 -5.875856946965033861e-05 1.132686841475510301e-03
4.088296482294915402e-05 -5.868417906907731109e-05 1.133680219671760574e-03
4.096881395845670476e-05 -5.860897808772183614e-05 1.134673685270623338e-03
4.105304982509636822e-05 -5.853296603942702942e-05 1.135667227339593691e-03
4.113580199206060998e-05 -5.845617818877530997e-05 1.136660834417394829e-03
4.121700233291205017e-05 -5.837855370176471157e-05 1.137654504447519442e-03
4.129637710651210642e-05 -5.829990704299242417e-05 1.138648241290955883e-03
4.137379705211667548e-05 -5.822012606629594023e-05 1.139642042226045749e-03
4.144956965560807403e-05 -5.813935708757254439e-05 1.140635890299688659e-03
4.152366418207205465e-05 -5.805756071411773844e-05 1.141629780847006753e-03
4.159584453681747712e-05 -5.797456265491561040e-05 1.142623712238332277e-03
4.166585607239340212e-05 -5.789016746188221420e-05 1.143617681307346028e-03
4.173393749037907749e-05 -5.780449638312103969e-05 1.144611675396255222e-03
4.180017530044826996e-05 -5.771758479538688938e-05 1.145605686332013852e-03
4.186444373129364992e-05 -5.762932615126868511e-05 1.146599707652347627e-03
4.192643160093166853e-05 -5.753947661635488238e-05 1.147593730973480233e-03
4.198610481343989704e-05 -5.744798091025828655e-05 1.148587746175927429e-03
4.204376761038983309e-05 -5.735503116408481058e-05 1.149581745103935362e-03
4.209938854981327988e-05 -5.726058763363175421e-05 1.150575719547679721e-03
4.215264455608476056e-05 -5.716438818947104314e-05 1.151569654378092368e-03
4.220325365233381276e-05 -5.706619409493258246e-05 1.152563533006793761e-03
4.225161914108206430e-05 -5.696628338298378942e-05 1.153557352319259204e-03
4.229777490070750305e-05 -5.686466538761175883e-05 1.154551103576162592e-03
4.234153546743193709e-05 -5.676117778330745856e-05 1.155544769828728210e-03
4.238255382588227148e-05 -5.665552394800562003e-05 1.156538324873557667e-03
4.242089749465319145e-05 -5.654773167845028928e-05 1.157531757521068714e-03
4.245686334714636576e-05 -5.643801940999127110e-05 1.158525068871813727e-03
4.249041983184797850e-05 -5.632634770554422322e-05 1.159518246138944303e-03
4.252115738464511298e-05 -5.621236126604727267e-05 1.160511250437157478e-03
4.254876768913300699e-05 -5.609578237969143271e-05 1.161504046706770665e-03
4.257381991385995130e-05 -5.597706190898702047e-05 1.162496657001836024e-03
4.259629551807756870e-05 -5.585617143754091635e-05 1.163489067010027057e-03
4.261595045774534926e-05 -5.573288909092128859e-05 1.164481241894155944e-03
4.263240276162928580e-05 -5.560686944570442683e-05 1.165473131072518060e-03
4.264582202808559765e-05 -5.547823653540707160e-05 1.166464731004836827e-03
4.265649922280834866e-05 -5.534722608722275226e-05 1.167456052902090570e-03
4.266437843427831603e-05 -5.521377785185408962e-05 1.168447075649347872e-03
4.266899681666757839e-05 -5.507746994133621286e-05 1.169437728133959110e-03
4.267007237413559802e-05 -5.493803472470298654e-05 1.170427956960505989e-03
4.266824345056684025e-05 -5.479601883268893668e-05 1.171417817818605055e-03
4.266348051082556798e-05 -5.465138567594209941e-05 1.172407289825448673e-03
4.265547596093054378e-05 -5.450384698174122911e-05 1.173396310713598241e-03
4.264381587562638846e-05 -5.435301379885000838e-05 1.174384798441703917e-03
4.262878815866808332e-05 -5.419912851975415221e-05 1.175372770797271978e-03
4.261066991062525055e-05 -5.404243057690036919e-05 1.176360249039519468e-03
4.258936054317060402e-05 -5.388281850496565861e-05 1.177347196378109549e-03
4.256435949815224283e-05 -5.371981977988303362e-05 1.178333501727529473e-03
4.253546139353672458e-05 -5.355322935716736658e-05 1.179319102006626090e-03
4.250332287271395992e-05 -5.338363921397011255e-05 1.180304090121182294e-03
4.246791815288469986e-05 -5.321101731589537008e-05 1.181288439338153921e-03
4.242885016366072402e-05 -5.303498328693549723e-05 1.182272043638486758e-03
4.238568276208055761e-05 -5.285511600232057071e-05 1.183254783655599083e-03
4.233888880420645591e-05 -5.267184398137279659e-05 1.184236728900185838e-03
4.228868978075576713e-05 -5.248536649477858636e-05 1.185217902119434837e-03
4.223489783057271480e-05 -5.229549827664402566e-05 1.186198233490645942e-03
4.218800432278399607e-05 -5.210377594136710050e-05 1.187178487265628558e-03
4.214571462253464745e-05 -5.190973639369529012e-05 1.188158457670909773e-03
4.208653052877882301e-05 -5.170983405703975143e-05 1.189136482272326167e-03
4.203083568748660048e-05 -5.150781808938643583e-05 1.190114277816421273e-03
4.197748527642718451e-05 -5.130303071841685770e-05 1.191091627418228507e-03
4.192517708194570114e-05 -5.109487929359067960e-05 1.192068323217785556e-03
4.187361276996889821e-05 -5.088393220318955328e-05 1.193044458660174386e-03
4.182153172813970712e-05 -5.066999151047968928e-05 1.194019914440957574e-03
4.176709629281242993e-05 -5.045240945191494344e-05 1.194994432972309485e-03
4.170826408351026911e-05 -5.023039832249330761e-05 1.195967694650452648e-03
4.164388968700268669e-05 -5.000405554484874061e-05 1.196939606038515975e-03
4.157289115512340327e-05 -4.977350260561753150e-05 1.197910062701722234e-03
4.149371076294305975e-05 -4.953830107390253613e-05 1.198878764560572848e-03
4.147988080812407651e-05 -4.928366022202625586e-05 1.199841467994640972e-03
4.149587369085240768e-05 -4.901572143432576236e-05 1.200799978027007262e-03
4.144873965370979481e-05 -4.876065871239489933e-05 1.201763839459019882e-03
4.143333641607397494e-05 -4.849653708071002920e-05 1.202726998711422472e-03
4.137462891423188447e-05 -4.822344685609445384e-05 1.203687049041263831e-03
4.134804028630982873e-05 -4.794060635901796686e-05 1.204645711031468360e-03
4.135175013054951130e-05 -4.764954892633369954e-05 1.205602299300199704e-03
4.138176226135027453e-05 -4.735092539722573915e-05 1.206556118461417013e-03
4.143227740194000010e-05 -4.704454910817615723e-05 1.207506641377495502e-03
4.149731426995996268e-05 -4.673079913499385036e-05 1.208453891963914145e-03
4.157143517446805400e-05 -4.641115653584067257e-05 1.209398517611222964e-03
4.164808910078010389e-05 -4.608624342925082259e-05 1.210341146202323012e-03
4.171970356764474161e-05 -4.575570124561600965e-05 1.211282200264978369e-03
4.177942344789645158e-05 -4.541989034772765985e-05 1.212222205202566089e-03
4.182160625104398670e-05 -4.508024349660099718e-05 1.213161757895992853e-03
4.184049229149749673e-05 -4.473761456371861561e-05 1.214100953778874531e-03
4.182993642934373766e-05 -4.439175708181782596e-05 1.215039049913805951e-03
4.178580055134311250e-05 -4.404355423672437752e-05 1.215975282489481675e-03
4.168523529100587468e-05 -4.369162332077684201e-05 1.216905275390081295e-03
4.154943583982191325e-05 -4.334036489968617288e-05 1.217831625723574032e-03
4.137918325759060547e-05 -4.298975736808071713e-05 1.218752288579848415e-03
4.116659501504224078e-05 -4.263952511289752396e-05 1.219664298912917066e-03
4.091615962439453246e-05 -4.229098572418642850e-05 1.220567343751991374e-03
4.063258596611064166e-05 -4.194439664392958484e-05 1.221461332976735668e-03
4.032000239983123591e-05 -4.159858015789849193e-05 1.222345922883282497e-03
3.998453477392332057e-05 -4.125388641650086892e-05 1.223222583590409009e-03
