# first line: diameter, stdev on diameter, fiber length; other lines: x, y, z coordinates
2.199999999999999943e-05 5.154528872586841437e-07 1.112990829481423768e-03
2.739212955164006791e-04 -6.501725663164622257e-05 0.000000000000000000e+00
2.742808414675549332e-04 -6.517753420692790978e-05 9.192593352772437408e-07
2.746354165846117659e-04 -6.533580553145837389e-05 1.840794044092301617e-06
2.749784263654071683e-04 -6.548940051504254097e-05 2.767482752010857566e-06
2.753050666149381149e-04 -6.563634335834465212e-05 3.701138650085091911e-06
2.756181994140746521e-04 -6.577776464919283107e-05 4.640259189906845693e-06
2.759194035499538283e-04 -6.591429112696395938e-05 5.583994370179907190e-06
2.762085062711217140e-04 -6.604583630576116955e-05 6.532210864151268573e-06
2.764807867158329503e-04 -6.617041911538546189e-05 7.486329243120375342e-06
2.767397041540092112e-04 -6.628943715115627239e-05 8.444867694094874619e-06
2.769864192515773100e-04 -6.640335329850292835e-05 9.407236778428283271e-06
2.772208484865486050e-04 -6.651211440293587152e-05 1.037326633549294165e-05
2.774395449830666886e-04 -6.661423844827477970e-05 1.134370017804033140e-05
2.776441433418597171e-04 -6.671037595113098824e-05 1.231781340942752366e-05
2.778366177716353890e-04 -6.680133993839201031e-05 1.329488998636201030e-05
2.780169749925507955e-04 -6.688711256069683215e-05 1.427474389849533014e-05
2.781837848409506823e-04 -6.696705220102876200e-05 1.525748664825780367e-05
2.783352950121172173e-04 -6.704035731031716613e-05 1.624322015691873728e-05
2.784750878615937933e-04 -6.710854831237412382e-05 1.723104983323076110e-05
2.786032490985710232e-04 -6.717163944913533656e-05 1.822079410943744997e-05
2.787198693932529448e-04 -6.722964661086005980e-05 1.921227485896974337e-05
2.788215255155364748e-04 -6.728101301867932347e-05 2.020576719653035164e-05
2.789113361414836392e-04 -6.732707905170429760e-05 2.120065992747970118e-05
2.789902567314169520e-04 -6.736824362369274867e-05 2.219669034869283880e-05
2.790584400621707825e-04 -6.740454919334460337e-05 2.319370210819478114e-05
2.791150411310713408e-04 -6.743557916565191379e-05 2.419161634434701899e-05
2.791584665053382648e-04 -6.746055071344695330e-05 2.519036070283211268e-05
2.791919337573761390e-04 -6.748090210871132396e-05 2.618959311279584880e-05
2.792156352646128076e-04 -6.749669361790394976e-05 2.718918729195061854e-05
2.792297623490673161e-04 -6.750798494614510014e-05 2.818902348713868045e-05
2.792322277154269988e-04 -6.751374162404126045e-05 2.918900368447784749e-05
2.792245901101929784e-04 -6.751464681719361453e-05 3.018897396330225420e-05
2.792082595742642376e-04 -6.751133904366789446e-05 3.118883500084682731e-05
2.791834500839973209e-04 -6.750388934997465318e-05 3.218849929752292055e-05
2.791500811063775097e-04 -6.749222175136174965e-05 3.318787406601096153e-05
2.791060061004855077e-04 -6.747520336920695948e-05 3.418675721322000401e-05
2.790543582690647399e-04 -6.745434459093508619e-05 3.518520460641717286e-05
2.789953565989433887e-04 -6.742972009408828822e-05 3.618315862927483850e-05
2.789292147801364645e-04 -6.740140213522576777e-05 3.718056680309008555e-05
2.788546669361041458e-04 -6.736867199790093819e-05 3.817724685102721937e-05
2.787724967322385600e-04 -6.733186486309628309e-05 3.917318516785985841e-05
2.786840928828615755e-04 -6.729167108423785232e-05 4.016845853092273669e-05
2.785896671485323128e-04 -6.724816369999894055e-05 4.116303921272083770e-05
2.784891836418228682e-04 -6.720127463723441809e-05 4.215687231771448224e-05
2.783812389248161464e-04 -6.715011862525147339e-05 4.314971212602777985e-05
2.782681519590298586e-04 -6.709594663891809893e-05 4.414181929065315226e-05
2.781501251813694596e-04 -6.703882871185525992e-05 4.513318558089739321e-05
2.780273542353391136e-04 -6.697883129361084686e-05 4.612380531219344138e-05
2.778988044489913087e-04 -6.691522538262821562e-05 4.711346643603221462e-05
2.777656165074738367e-04 -6.684861796119208593e-05 4.810231645055068107e-05
2.776285270626060488e-04 -6.677941539066035092e-05 4.909045481207451636e-05
2.774877225123127092e-04 -6.670768088704404975e-05 5.007788995373235979e-05
2.773428867349863572e-04 -6.663310586339339311e-05 5.106453126625247100e-05
2.771940171033827590e-04 -6.655553989758307735e-05 5.205034124214319668e-05
2.770422400631904853e-04 -6.647571084650678245e-05 5.303552701733119318e-05
2.768877326626160897e-04 -6.639367822625097133e-05 5.402010716797041513e-05
2.767305965294547814e-04 -6.630943369006345373e-05 5.500408431849605046e-05
2.765703051411726003e-04 -6.622231486990970406e-05 5.598730197321654436e-05
2.764080612983100833e-04 -6.613324666255905604e-05 5.697002460307128759e-05
2.762440336530889756e-04 -6.604228455062087478e-05 5.795227752655996410e-05
2.760783879698995558e-04 -6.594948122458854037e-05 5.893408658132143283e-05
2.759109117323232442e-04 -6.585429349900668401e-05 5.991535667237498253e-05
2.757422962876129782e-04 -6.575730822267500408e-05 6.089625558507747659e-05
2.755728164888941517e-04 -6.565872318599405425e-05 6.187684600861533750e-05
2.754026342783489766e-04 -6.555858868425613883e-05 6.285715773671175181e-05
2.752318667297084251e-04 -6.545660225565308151e-05 6.383717671795953951e-05
2.750608904021820925e-04 -6.535296815919188883e-05 6.481698642590365776e-05
2.748899546526358093e-04 -6.524801685862748643e-05 6.579666299938554048e-05
2.747191978275306530e-04 -6.514179113166419961e-05 6.677623341270666935e-05
2.745488206839026731e-04 -6.503415368681838605e-05 6.775571582742443962e-05
2.743788766379061275e-04 -6.492494622546507801e-05 6.873509968809028692e-05
2.742092408380791650e-04 -6.481452888427619735e-05 6.971440132759809736e-05
2.740398962811407325e-04 -6.470290314657464866e-05 7.069361637562023059e-05
2.738708367530610509e-04 -6.459001635041939412e-05 7.167273610147187812e-05
2.737021156104698359e-04 -6.447544478796791317e-05 7.265171849572814344e-05
2.735336063725677834e-04 -6.435967331619579248e-05 7.363059621957375065e-05
2.733652918819533630e-04 -6.424270359789819131e-05 7.460936499331782671e-05
2.731971550956757027e-04 -6.412453582917626094e-05 7.558802039258323362e-05
2.730292228165028695e-04 -6.400472324139394457e-05 7.656651090765701319e-05
2.728614153572225766e-04 -6.388364290350544118e-05 7.754486677528070211e-05
2.726937057536598990e-04 -6.376137430419999538e-05 7.852309163380890547e-05
2.725260767261870215e-04 -6.363791809239826235e-05 7.950118113150193800e-05
2.723585170727094618e-04 -6.351296323131422046e-05 8.047909219026085038e-05
2.721909850858143603e-04 -6.338661929507993190e-05 8.145682949575634442e-05
2.720234536568768560e-04 -6.325909709560428753e-05 8.243441391890353725e-05
2.718559053438187852e-04 -6.313039773785919561e-05 8.341184117044345809e-05
2.716883120146546373e-04 -6.300034638721459278e-05 8.438908173172072395e-05
2.715206277741865596e-04 -6.286878415823107368e-05 8.536610443915329820e-05
2.713528464099227680e-04 -6.273605368731096190e-05 8.634295244745648283e-05
2.711849503936623125e-04 -6.260215653966681661e-05 8.731962151970711474e-05
2.710169164724906253e-04 -6.246705447997967411e-05 8.829610092333661927e-05
2.708486509293238083e-04 -6.233031935618829850e-05 8.927231309714693172e-05
2.706801902179140421e-04 -6.219242604994279272e-05 9.024832868113034793e-05
2.705115167295687735e-04 -6.205337626695899337e-05 9.122414342150751872e-05
2.703426124948168766e-04 -6.191317039629245524e-05 9.219975280274218376e-05
2.701733576923714530e-04 -6.177140718434521690e-05 9.317507633779101620e-05
2.700037870158331424e-04 -6.162839666520336949e-05 9.415016288385973206e-05
2.698339050835891063e-04 -6.148423980638594011e-05 9.512502642527109146e-05
2.696636938795149451e-04 -6.133893748587162164e-05 9.609966244674934073e-05
2.694930472644353021e-04 -6.119223073982596114e-05 9.707401189961101587e-05
2.693219348999267263e-04 -6.104414891497279437e-05 9.804807161385870344e-05
2.691504124895639457e-04 -6.089493097642967193e-05 9.902188579766220248e-05
2.689784620560938108e-04 -6.074457829804567384e-05 9.999544992723375584e-05
2.688060153085547314e-04 -6.059297432302286824e-05 1.009687321807098192e-04
2.686329285408374122e-04 -6.043986750159740747e-05 1.019416655118658092e-04
2.684593326541725718e-04 -6.028563491186435160e-05 1.029143302902666514e-04
2.682852097557815343e-04 -6.013027834670302220e-05 1.038867219544654767e-04
2.681105411133070005e-04 -5.997379810710635345e-05 1.048588355224947151e-04
2.679350596340310188e-04 -5.981573892156733484e-05 1.058305471764914892e-04
2.677589564434571965e-04 -5.965653868154125372e-05 1.068019600363240344e-04
2.675822268482697564e-04 -5.949622500871713088e-05 1.077730759773023572e-04
2.674048522193338967e-04 -5.933479873423308282e-05 1.087438899602200329e-04
2.672266174134347422e-04 -5.917195199496273300e-05 1.097143090890630466e-04
2.670475724202663720e-04 -5.900783183539617065e-05 1.106843644780156798e-04
2.668678014318418478e-04 -5.884260898893718997e-05 1.116540983573020108e-04
2.666872860205345575e-04 -5.867628482572842421e-05 1.126235056250855787e-04
2.665058893670433867e-04 -5.850869855901158294e-05 1.135925309533540161e-04
2.663234675898124145e-04 -5.833970711569453515e-05 1.145611197106632061e-04
2.661402200804269150e-04 -5.816962397926279558e-05 1.155293614523872245e-04
2.659561287155443802e-04 -5.799845106801125322e-05 1.164972510106293346e-04
2.657711619478932336e-04 -5.782617411870723007e-05 1.174647777202305813e-04
2.655849281459746517e-04 -5.765236112393526939e-05 1.184317865137924812e-04
2.653977687905884888e-04 -5.747746772630843421e-05 1.193984217438573235e-04
2.652096657716116433e-04 -5.730149596943325338e-05 1.203646780182306592e-04
2.650205999432133611e-04 -5.712444684000114801e-05 1.213305494928948084e-04
2.648302403212424226e-04 -5.694599501061013756e-05 1.222959085707853329e-04
2.646387338737256063e-04 -5.676634273633132519e-05 1.232608180655629182e-04
2.644461839236283843e-04 -5.658562383114291956e-05 1.242253206244527391e-04
2.642525717368936450e-04 -5.640383986778066384e-05 1.251894102991096803e-04
2.640576915983776298e-04 -5.622081541018573005e-05 1.261530096797157656e-04
2.638614032166274590e-04 -5.603645722564625029e-05 1.271160688276806229e-04
2.636639715931970366e-04 -5.585104455661489222e-05 1.280786917484489436e-04
2.634653785242767549e-04 -5.566457957084898961e-05 1.290408723930213731e-04
2.632655719334866759e-04 -5.547703527259170264e-05 1.300025919179857833e-04
2.630640675582034712e-04 -5.528802596544876138e-05 1.309636701974557186e-04
2.628613204079338302e-04 -5.509797479820236068e-05 1.319242815327247107e-04
2.626573124366261749e-04 -5.490688414987731378e-05 1.328844195968447339e-04
2.624520242523064760e-04 -5.471475538018526002e-05 1.338440774943805563e-04
2.622450220812790056e-04 -5.452127119709754993e-05 1.348030946786271244e-04
2.620365396418814700e-04 -5.432664512656181882e-05 1.357615599911271217e-04
2.618267310758118642e-04 -5.413100929505026477e-05 1.367195302293155220e-04
2.616155971046627330e-04 -5.393437511865375908e-05 1.376770047374573373e-04
2.614029192333677983e-04 -5.373659409204126317e-05 1.386339011652551966e-04
2.611885819698530394e-04 -5.353760379824007041e-05 1.395901764347807225e-04
2.609729298614498773e-04 -5.333767085303475221e-05 1.405459593475388044e-04
2.607559650739589454e-04 -5.313680755680767379e-05 1.415012499879531483e-04
2.605376594483199823e-04 -5.293500544056772887e-05 1.424560371589867771e-04
2.603175201322108288e-04 -5.273194569273123767e-05 1.434101364260917074e-04
2.600960781094208119e-04 -5.252801087911982574e-05 1.443637474650419827e-04
2.598733356629640413e-04 -5.232321339125873796e-05 1.453168706380204617e-04
2.596492938023169279e-04 -5.211756482421303133e-05 1.462695058762511859e-04
2.594235663509422717e-04 -5.191083382110249186e-05 1.472215087121147019e-04
2.591963881210322240e-04 -5.170319248049546658e-05 1.481729681790796226e-04
2.589679216635833192e-04 -5.149475610962114732e-05 1.491239452287252082e-04
2.587381686304079790e-04 -5.128553673807546105e-05 1.500744402511013488e-04
2.585069328276439946e-04 -5.107543110830474334e-05 1.510243800466011868e-04
2.582740720775769942e-04 -5.086437851444369892e-05 1.519737127943298434e-04
2.580399353061809211e-04 -5.065259852506141054e-05 1.529225695805013592e-04
2.578045247921580130e-04 -5.044010353293909674e-05 1.538709512338757820e-04
2.575678313369071334e-04 -5.022689978975694775e-05 1.548188543708313599e-04
2.573293416466471595e-04 -5.001273101109857908e-05 1.557660895024238633e-04
2.570895881294525329e-04 -4.979790242783415142e-05 1.567128560647374218e-04
2.568485730986556134e-04 -4.958242644236641187e-05 1.576591550911553481e-04
2.566062976933042414e-04 -4.936631489672740154e-05 1.586049872200479124e-04
2.563624075825625859e-04 -4.914941064262827924e-05 1.595502227194671387e-04
2.561170906878999939e-04 -4.893182814358456770e-05 1.604949329768512510e-04
2.558705244414407427e-04 -4.871366574650602514e-05 1.614391841340015682e-04
2.556227105916430357e-04 -4.849493559512318497e-05 1.623829772299629440e-04
2.553734797103081886e-04 -4.827557658015562374e-05 1.633262510922900955e-04
2.551226525496301501e-04 -4.805553441371618784e-05 1.642689425444224412e-04
2.548705881494372789e-04 -4.783497975348873036e-05 1.652111841129910621e-04
2.546172888151190155e-04 -4.761392496304481649e-05 1.661529772009084666e-04
2.543627551744162747e-04 -4.739238179152997343e-05 1.670943226402970302e-04
2.541064820218918931e-04 -4.717017806637160873e-05 1.680350402225220087e-04
2.538489722162754619e-04 -4.694752478373153542e-05 1.689753136984864588e-04
2.535902395181875539e-04 -4.672443863423428973e-05 1.699151487663363557e-04
2.533302851485430855e-04 -4.650093161315413880e-05 1.708545466200505887e-04
2.530687859394127365e-04 -4.627691378073876805e-05 1.717933938741227702e-04
2.528058831324567473e-04 -4.605245497039178395e-05 1.727317436760160559e-04
2.525417694030924597e-04 -4.582763042762146992e-05 1.736696657714703639e-04
2.522764465516407796e-04 -4.560245232912258452e-05 1.746071616921242254e-04
2.520097697697439108e-04 -4.537689415339673783e-05 1.755441819660574006e-04
2.517415260031610996e-04 -4.515092234319375056e-05 1.764806551461930377e-04
2.514720832077848266e-04 -4.492465180080225455e-05 1.774167118838652620e-04
2.512014436530640433e-04 -4.469809480019368048e-05 1.783523539903441202e-04
2.509296080380723072e-04 -4.447126330148758216e-05 1.792875827639573772e-04
2.506561044051229818e-04 -4.424407670643215921e-05 1.802222388548219720e-04
2.503813841370464317e-04 -4.401665198406840490e-05 1.811564801323702479e-04
2.501054789106390967e-04 -4.378900763732117881e-05 1.820903186367078255e-04
2.498283899912240010e-04 -4.356115576076258992e-05 1.830237559644885576e-04
2.495498203540856661e-04 -4.333306563328450604e-05 1.839566942496760431e-04
2.492698738404879673e-04 -4.310477798786845619e-05 1.848891719681159469e-04
2.489887540917312334e-04 -4.287633741836709199e-05 1.858212591893621066e-04
2.487064629273978179e-04 -4.264775609284117544e-05 1.867529577833207160e-04
2.484228744949850396e-04 -4.241903465601675290e-05 1.876842279357073104e-04
2.481377526136882756e-04 -4.219017480452813963e-05 1.886149957242917632e-04
2.478514691464069942e-04 -4.196122860111825992e-05 1.895453856465381161e-04
2.475640263195142527e-04 -4.173220822243276477e-05 1.904753997768359386e-04
2.472754248758707394e-04 -4.150312581158220013e-05 1.914050397321071320e-04
2.469852193951006867e-04 -4.127398544610323450e-05 1.923341659166022941e-04
2.466938226964048475e-04 -4.104482369772795400e-05 1.932629139191942638e-04
2.464012782076917892e-04 -4.081565419796605732e-05 1.941912991074494456e-04
2.461075872167376583e-04 -4.058648912374349560e-05 1.951193233330381592e-04
2.458124718779415986e-04 -4.035735108178648613e-05 1.960469022720099405e-04
2.455160121564975277e-04 -4.012826341963265014e-05 1.969740648639877584e-04
2.452184161576050222e-04 -3.989923432107077153e-05 1.979008778380141791e-04
2.449196857038682699e-04 -3.967027593875020698e-05 1.988273432553752673e-04
2.446197067890293862e-04 -3.944141130216491094e-05 1.997534283598381840e-04
2.443182340229685802e-04 -3.921268694758667451e-05 2.006790629185996322e-04
2.440156364465522398e-04 -3.898408737387241074e-05 2.016043612148705989e-04
2.437119162564473128e-04 -3.875562467481640162e-05 2.025293254502382497e-04
2.434070742292566752e-04 -3.852731118059088330e-05 2.034539574192272373e-04
2.431006839931023646e-04 -3.829923205927929084e-05 2.043781353959727137e-04
2.427931346114387402e-04 -3.807135078825084546e-05 2.053019771029919601e-04
2.424844740475604065e-04 -3.784367250278156776e-05 2.062254982181328854e-04
2.421747036075142683e-04 -3.761620947424786408e-05 2.071487007084512667e-04
2.418635571948628792e-04 -3.738903533227636109e-05 2.080715115302230942e-04
2.415511056868871714e-04 -3.716216085078957764e-05 2.089939550354290591e-04
2.412375544158735022e-04 -3.693555539501097175e-05 2.099160914479722558e-04
2.409229052089922581e-04 -3.670923112115976450e-05 2.108379228827712219e-04
2.406070485593303802e-04 -3.648323243264829939e-05 2.117594212070656216e-04
2.402897445861816139e-04 -3.625765299164709801e-05 2.126805249470869964e-04
2.399713522752097727e-04 -3.603240855802224211e-05 2.136013350669745765e-04
2.396518738246965338e-04 -3.580751116658212324e-05 2.145218537677215744e-04
2.393313100531069574e-04 -3.558297336072179532e-05 2.154420828877007059e-04
2.390092463260782023e-04 -3.535896193319649095e-05 2.163619164765109035e-04
2.386860627278509877e-04 -3.513536654372219489e-05 2.172814584598025604e-04
2.383618044508225284e-04 -3.491218411809436059e-05 2.182007223881977812e-04
2.380364728328279408e-04 -3.468942705273177267e-05 2.191197102123439459e-04
2.377098063491897681e-04 -3.446722188478442480e-05 2.200383580585212105e-04
2.373818813943265522e-04 -3.424556344080153110e-05 2.209566895637483496e-04
2.370528932748137843e-04 -3.402438384798661745e-05 2.218747562281174501e-04
2.367228438409453085e-04 -3.380369529996917892e-05 2.227925600906924437e-04
2.363916209960393883e-04 -3.358356680557471818e-05 2.237100756843564983e-04
2.360590048929472103e-04 -3.336413313239670273e-05 2.246272536312256707e-04
2.357253372170090336e-04 -3.314524417207234723e-05 2.255441797461558333e-04
2.353906202149965018e-04 -3.292691192121154070e-05 2.264608561077637245e-04
2.350548547721379204e-04 -3.270914917369972070e-05 2.273772844702494009e-04
2.347176311537946562e-04 -3.249220939912450480e-05 2.282933725447016489e-04
2.343793346175517662e-04 -3.227589883967502441e-05 2.292092137921021252e-04
2.340400004772823868e-04 -3.206021082329939828e-05 2.301248179728546594e-04
2.336996301318119908e-04 -3.184515790967783742e-05 2.310401868953187846e-04
2.333579598057286379e-04 -3.163092603286325218e-05 2.319552639872562874e-04
2.330150856296753518e-04 -3.141748163876403557e-05 2.328700747790822165e-04
2.326711857088431014e-04 -3.120472560666336521e-05 2.337846608658106532e-04
2.323262619495948663e-04 -3.099267020576399828e-05 2.346990240872016313e-04
2.319801927574607480e-04 -3.078141702418080817e-05 2.356131401620955483e-04
2.316327928072094296e-04 -3.057112657277439953e-05 2.365269734046595348e-04
2.312843791378318915e-04 -3.036159028815818626e-05 2.374405939248867598e-04
2.309349541046059446e-04 -3.015282013420409845e-05 2.383540035610795743e-04
2.305845186980427829e-04 -2.994482919380019406e-05 2.392672038586016962e-04
2.302326614927835099e-04 -2.973796785349531256e-05 2.401801139785874402e-04
2.298797869086263940e-04 -2.953193909449417664e-05 2.410928196664354893e-04
2.295259132309548694e-04 -2.932674224168129164e-05 2.420053259218157653e-04
2.291710419607340598e-04 -2.912239005477404303e-05 2.429176342884130715e-04
2.288149002301088637e-04 -2.891913985822879734e-05 2.438296937258783775e-04
2.284576184989882972e-04 -2.871690640557114809e-05 2.447415332892136585e-04
2.280993501805046286e-04 -2.851557060795208365e-05 2.456531843751801904e-04
2.277400972801219578e-04 -2.831514484457709689e-05 2.465646485044625390e-04
2.273797214714127699e-04 -2.811577719483655122e-05 2.474759013817993177e-04
2.270180874326891275e-04 -2.791762680342401801e-05 2.483869212707919298e-04
2.266554795815969869e-04 -2.772043977707162377e-05 2.492977630883575803e-04
2.262919004219141050e-04 -2.752422805667625497e-05 2.502084283116432872e-04
2.259273420122532151e-04 -2.732901453403448015e-05 2.511189165506327436e-04
2.255614117181668743e-04 -2.713523488745186906e-05 2.520291607276659539e-04
2.251945206894746224e-04 -2.694248426016146485e-05 2.529392366377213389e-04
2.248266715317288704e-04 -2.675077453499371779e-05 2.538491456285966942e-04
2.244578658957895685e-04 -2.656011870195007705e-05 2.547588888585681859e-04
2.240878142620250592e-04 -2.637086501417736927e-05 2.556684188587383488e-04
2.237166978028417381e-04 -2.618283825631332525e-05 2.565777694539423141e-04
2.233446367088876483e-04 -2.599591794346286028e-05 2.574869621353290030e-04
2.229716331319896020e-04 -2.581011659219443775e-05 2.583959979869186589e-04
2.225975236769462046e-04 -2.562565116737195559e-05 2.593048514465586267e-04
2.222222410752036105e-04 -2.544263550123019991e-05 2.602135143253668796e-04
2.218460277134405275e-04 -2.526079170867022967e-05 2.611220275800922065e-04
2.214688862371136987e-04 -2.508013177414491725e-05 2.620303922021146540e-04
2.210907747552468949e-04 -2.490072656202010421e-05 2.629386022341176051e-04
2.207113869889421205e-04 -2.472300884380485947e-05 2.638466117756657517e-04
2.203310823509649298e-04 -2.454652660140408616e-05 2.647544787222190043e-04
2.199498584341373771e-04 -2.437126957435778828e-05 2.656621974517807882e-04
2.195677104045273527e-04 -2.419722340191503174e-05 2.665697605624241045e-04
2.191842933637329176e-04 -2.402473566584253332e-05 2.674770859426055312e-04
2.187998448070440803e-04 -2.385342244260197029e-05 2.683841973359803309e-04
2.184144318097396031e-04 -2.368315348952982572e-05 2.692910960615759104e-04
2.180280445764741244e-04 -2.351389279383430447e-05 2.701977689426037247e-04
2.176404466097746988e-04 -2.334580538366562972e-05 2.711041432746158432e-04
2.172516361136953120e-04 -2.317879485140762101e-05 2.720101972874940056e-04
2.168618094332820071e-04 -2.301262518974049855e-05 2.729159692217520490e-04
2.164709569597303364e-04 -2.284726006794781872e-05 2.738214462857456563e-04
2.160789626371939433e-04 -2.268273332489346208e-05 2.747265824036213542e-04
2.156855619394416131e-04 -2.251913595727021451e-05 2.756312767093390672e-04
2.152910923817011346e-04 -2.235617645146860378e-05 2.765356206494526837e-04
2.148955445183318405e-04 -2.219381832549757033e-05 2.774396016897915079e-04
2.144989073420239484e-04 -2.203202570241165673e-05 2.783432067400091331e-04
2.141007126192324224e-04 -2.187094041139628294e-05 2.792462529659159309e-04
2.137013675577682987e-04 -2.171030297317899245e-05 2.801488708972478471e-04
2.133008905844861020e-04 -2.155006419687919550e-05 2.810510580857280573e-04
2.128992709625893165e-04 -2.139018786075330727e-05 2.819528015234631338e-04
2.124961665915518934e-04 -2.123070594469216678e-05 2.828539521086519126e-04
2.120917107638104371e-04 -2.107150307603406630e-05 2.837545463149538272e-04
2.116860688545510948e-04 -2.091249619916669478e-05 2.846546415592984868e-04
2.112792304818604929e-04 -2.075364886062804149e-05 2.855542248260442128e-04
2.108709938524331228e-04 -2.059493192251978465e-05 2.864531974497590066e-04
2.104611902313724327e-04 -2.043627620116702205e-05 2.873514676474721048e-04
2.100501459959647850e-04 -2.027761368159858592e-05 2.882491696220365477e-04
2.096378512126545468e-04 -2.011890779493840566e-05 2.891462902640884805e-04
2.092242594677539108e-04 -1.996011765765791051e-05 2.900427987958534770e-04
2.088088702284340425e-04 -1.980112121968317869e-05 2.909384392960167437e-04
2.083921857065084728e-04 -1.964191491459584324e-05 2.918334406113084209e-04
2.079741960630079357e-04 -1.948246206522273764e-05 2.927277892230413622e-04
2.075548899823527460e-04 -1.932272550635958123e-05 2.936214707259817802e-04
2.071338150125850595e-04 -1.916253483436066140e-05 2.945142387856881146e-04
2.067112527883822610e-04 -1.900189555684614578e-05 2.954062231917592473e-04
2.062873309370680448e-04 -1.884080609359820523e-05 2.962974809771461854e-04
2.058620387612715517e-04 -1.867922916824853446e-05 2.971879973718780381e-04
2.054350935907809728e-04 -1.851701041177491623e-05 2.980776056461181627e-04
2.050064180509065365e-04 -1.835404760796390439e-05 2.989662452783263058e-04
2.045763288719911778e-04 -1.819043043993383215e-05 2.998540812485430557e-04
2.041448161073020605e-04 -1.802612168154197177e-05 3.007410983586647859e-04
2.037117848024020490e-04 -1.786103722901665353e-05 3.016272309620685391e-04
2.032767635565657497e-04 -1.769485883188924572e-05 3.025121836409478868e-04
2.028402755078743838e-04 -1.752782132550143195e-05 3.033962518748870431e-04
2.024023111947885435e-04 -1.735988744695660682e-05 3.042794197297890840e-04
2.019628594583073406e-04 -1.719101865938994290e-05 3.051616699659145883e-04
2.015213882886151794e-04 -1.702081285810265235e-05 3.060426541738504739e-04
2.010782750584898075e-04 -1.684946099628260467e-05 3.069225912112413129e-04
2.006336339565618627e-04 -1.667700732072589711e-05 3.078015417245286416e-04
2.001874548490729293e-04 -1.650341350799225951e-05 3.086794878327627552e-04
1.997394149223283950e-04 -1.632839039978929222e-05 3.095562016458563190e-04
1.992894572879960529e-04 -1.615182924917074299e-05 3.104316239837268403e-04
1.988379219981907336e-04 -1.597396049219892666e-05 3.113059686349014567e-04
1.983848001248472270e-04 -1.579474627443441153e-05 3.121792170595072977e-04
1.979299973494505125e-04 -1.561407164857563914e-05 3.130512899219985265e-04
1.974729852548973575e-04 -1.543140619460606265e-05 3.139217916488419580e-04
1.970143480773307876e-04 -1.524722725403921876e-05 3.147911189955024999e-04
1.965540777395042757e-04 -1.506149718795293471e-05 3.156592523587984441e-04
1.960921644948524780e-04 -1.487417650112192534e-05 3.165261705060493005e-04
1.956280631335067957e-04 -1.468467617278307407e-05 3.173914447530459533e-04
1.951621284321276980e-04 -1.449329351236052938e-05 3.182553183006018400e-04
1.946945168075373878e-04 -1.430015422262882378e-05 3.191178938378240698e-04
1.942252201085523610e-04 -1.410521969903518877e-05 3.199791493767193480e-04
1.937539459113812455e-04 -1.390813373107088262e-05 3.208388340329355903e-04
1.932805327117168535e-04 -1.370865726514194495e-05 3.216967903562688801e-04
1.928054025880317267e-04 -1.350721964363694531e-05 3.225533382067930833e-04
1.923285492059480456e-04 -1.330378353804880583e-05 3.234084549073859213e-04
1.918499496136278975e-04 -1.309829135005798849e-05 3.242621031527539912e-04
1.913688944255352380e-04 -1.288983688252427992e-05 3.251136503372500106e-04
1.908860868048756806e-04 -1.267921843647840849e-05 3.259636718883076006e-04
1.904015232919497929e-04 -1.246640090872212957e-05 3.268121451447353700e-04
1.899152057527872582e-04 -1.225135373606223831e-05 3.276590512249697969e-04
1.894267080190520499e-04 -1.203346616052769488e-05 3.285039742533542697e-04
1.889363037964356888e-04 -1.181300818255561767e-05 3.293471242670746200e-04
1.884442951827124883e-04 -1.159032881764622816e-05 3.301887544663800267e-04
1.879507222645159241e-04 -1.136543533323632792e-05 3.310288786577840394e-04
1.874554747313304185e-04 -1.113810796977691528e-05 3.318673606782129490e-04
1.869583229808890307e-04 -1.090790182916956494e-05 3.327039282132723060e-04
1.864597822762977062e-04 -1.067551630237935615e-05 3.335390653901943369e-04
1.859598927529546779e-04 -1.044095944795244580e-05 3.343727880770485414e-04
1.854586930329070211e-04 -1.020423676006163182e-05 3.352051108269129545e-04
1.849558016653301412e-04 -9.964593652904886687e-06 3.360355754104444345e-04
1.844516603378979684e-04 -9.722685001045313095e-06 3.368646240826167265e-04
1.839463826419814854e-04 -9.478646742543759277e-06 3.376923557744380185e-04
1.834400074328467291e-04 -9.232485507198206725e-06 3.385187871142575616e-04
1.829323825622954439e-04 -8.983799523309025922e-06 3.393436945258123836e-04
1.824235604501700764e-04 -8.732548458158052171e-06 3.401670856467572620e-04
1.819138117578253920e-04 -8.479208963746073045e-06 3.409892628474189445e-04
1.814031753268489163e-04 -8.223788708095386128e-06 3.418102445192447046e-04
1.808916630194846921e-04 -7.966224506102715259e-06 3.426300102184826534e-04
1.803790682467545090e-04 -7.705808688681784599e-06 3.434481973493438392e-04
1.798657540234187085e-04 -7.443344910013117174e-06 3.442652782838477457e-04
1.793517587118231697e-04 -7.178840922492486756e-06 3.450812724267031156e-04
1.788371200451975736e-04 -6.912302477725207019e-06 3.458961983555156570e-04
1.783217239727449832e-04 -6.643153692258345397e-06 3.467097865788232379e-04
1.778057384749458356e-04 -6.371738955228780508e-06 3.475222476481650067e-04
1.772892759391525119e-04 -6.098323497142254653e-06 3.483337341972556588e-04
1.767723739352980981e-04 -5.822913993078272640e-06 3.491442660610039744e-04
1.762550262518399748e-04 -5.545256948373125827e-06 3.499537460874536606e-04
1.757372534090373536e-04 -5.265060785057461173e-06 3.507620785547294127e-04
1.752192052978760340e-04 -4.982902526412131744e-06 3.515695516850611676e-04
1.747009191606496291e-04 -4.698789549389487675e-06 3.523761862250582170e-04
1.741824320409472823e-04 -4.412726634536150641e-06 3.531820020146842170e-04
1.736637502415352453e-04 -4.123965226763066242e-06 3.539867293133732926e-04
1.731449893649338588e-04 -3.833229119229694432e-06 3.547906942719227853e-04
1.726261898475273983e-04 -3.540575912437554673e-06 3.555939384112595286e-04
1.721073885362559681e-04 -3.246011262589372207e-06 3.563964823948026863e-04
1.715886484022165464e-04 -2.949092865801341994e-06 3.571981981301172162e-04
1.710700402081552734e-04 -2.649940447187863124e-06 3.579991683906727832e-04
1.705515912145870938e-04 -2.348907805283929162e-06 3.587995370410503341e-04
1.700333379571656060e-04 -2.046001449864909200e-06 3.595993253166725233e-04
1.695153420233816411e-04 -1.741071992227120435e-06 3.603985112872384053e-04
1.689977000676396227e-04 -1.433639572377648264e-06 3.611969665337849082e-04
1.684668221739506211e-04 -1.117797019051028444e-06 3.619833579112652616e-04
1.679492333061441260e-04 -8.063493980939181173e-07 3.627802908563681171e-04
1.674306153961244820e-04 -4.923657575632309800e-07 3.635755579226099005e-04
1.669112415829360305e-04 -1.752389922618804809e-07 3.643690826150799999e-04
1.663911104604170988e-04 1.444702776544554488e-07 3.651610735141561028e-04
1.658703184431031678e-04 4.665814666750008837e-07 3.659516556080020166e-04
1.653490188022952432e-04 7.910307113384296268e-07 3.667409460270302612e-04
1.648275323933815904e-04 1.118100515426502055e-06 3.675290305827813814e-04
1.643061043471719031e-04 1.447742160500547945e-06 3.683160815204333501e-04
1.637847906232630822e-04 1.779468770637240750e-06 3.691023317701271089e-04
1.632638093361811070e-04 2.113185149585104702e-06 3.698879600994098098e-04
1.627434330589272568e-04 2.448879427654888587e-06 3.706731466206942844e-04
1.622242200797309529e-04 2.787009180669877287e-06 3.714580581651295800e-04
1.617060838106518185e-04 3.126820946778314680e-06 3.722429548185018835e-04
1.611892555559840939e-04 3.468212110957203753e-06 3.730280284521385607e-04
1.606739623600641001e-04 3.811084368688850253e-06 3.738134656003355965e-04
1.601607993827630118e-04 4.155891707274087981e-06 3.745994500843132262e-04
1.596497601527655918e-04 4.502162332593316098e-06 3.753861746319846681e-04
1.591409253744488321e-04 4.849642959580988152e-06 3.761737940407453647e-04
1.586344686908082230e-04 5.198259481811266702e-06 3.769624435755550848e-04
1.581307808439585895e-04 5.548239053362156331e-06 3.777522617617768840e-04
1.576301304799380184e-04 5.899645792603020020e-06 3.785433764256710266e-04
1.571323056586148594e-04 6.252026233773400586e-06 3.793358399153438313e-04
1.566373851315674775e-04 6.605348084519352781e-06 3.801297021491100597e-04
1.561454668411534118e-04 6.959640930281505750e-06 3.809249963543227639e-04
1.556571731557142855e-04 7.315492142276701275e-06 3.817218269759127297e-04
1.551719229525190264e-04 7.672272216733548548e-06 3.825201001855695472e-04
1.546896812932670639e-04 8.029998595350814231e-06 3.833197718200375358e-04
1.542103864355391966e-04 8.388707192903924423e-06 3.841207739991357273e-04
1.537344466709587268e-04 8.748931944046071859e-06 3.849230952265512138e-04
1.532613929419594562e-04 9.110437111064045531e-06 3.857265465950043110e-04
1.527908581853834125e-04 9.473105189597231987e-06 3.865309524922967872e-04
1.523226576046460669e-04 9.837014673459376648e-06 3.873361593310364350e-04
1.518568553276488948e-04 1.020250641275531888e-05 3.881420401985182997e-04
1.513933964968432709e-04 1.056982884234958852e-05 3.889484396597137636e-04
1.509316400852788159e-04 1.093866528126817119e-05 3.897551246469043275e-04
1.504713678757097156e-04 1.130910919705187576e-05 3.905619212590808929e-04
1.500123957389161780e-04 1.168128561206987702e-05 3.913686611619821075e-04
1.495551096485919914e-04 1.205588694458566497e-05 3.921752361637291214e-04
1.490986717532025846e-04 1.243237184035955288e-05 3.929814145262499519e-04
1.486428929611286690e-04 1.281081906155947609e-05 3.937870468091630885e-04
1.481876034636975606e-04 1.319130227802192314e-05 3.945919964830423119e-04
1.477331027748022760e-04 1.357435235047440044e-05 3.953961741614377200e-04
1.472789810357869305e-04 1.395974416687655613e-05 3.961994465764095519e-04
1.468249484815320461e-04 1.434732971156835036e-05 3.970017132819242097e-04
1.463709260778121694e-04 1.473713747279417670e-05 3.978029083565638464e-04
1.459170955394657081e-04 1.512943283973484402e-05 3.986029972049451005e-04
1.454783366826577380e-04 1.551721899508459978e-05 3.994136213442797852e-04
1.450269935715787204e-04 1.591329398119410929e-05 4.002132544150715956e-04
1.445770062743054381e-04 1.631089836299237593e-05 4.010128931937801842e-04
1.441284363978317842e-04 1.671004794626485890e-05 4.018125585388982184e-04
1.436817820148056357e-04 1.711130923108659143e-05 4.026122392385400031e-04
1.432364743467214702e-04 1.751407176453505823e-05 4.034119163054893336e-04
1.427925013517722288e-04 1.791833095745644106e-05 4.042115802810483877e-04
1.423498524996576198e-04 1.832408390600777861e-05 4.050112217805205321e-04
1.419089241346359190e-04 1.873179809342299441e-05 4.058108162401377552e-04
1.414694310463802539e-04 1.914116856140488725e-05 4.066103546271626081e-04
1.410312133428016890e-04 1.955202263620807503e-05 4.074098320584443496e-04
1.405942600368234705e-04 1.996435710874966277e-05 4.082092393894619017e-04
1.401587809386495309e-04 2.037843358851565743e-05 4.090085507241996267e-04
1.397248422005242514e-04 2.079435427428676412e-05 4.098077422776126274e-04
1.392921193425385987e-04 2.121174632322295276e-05 4.106068260002565203e-04
1.388606008866042631e-04 2.163060613595482463e-05 4.114057930018823086e-04
1.384303265988072310e-04 2.205099402866627126e-05 4.122046284332335107e-04
1.380016808181952861e-04 2.247341034226970152e-05 4.130032693001794899e-04
1.375741911542350268e-04 2.289728648835082520e-05 4.138017563636800121e-04
1.371478456928429640e-04 2.332261849138034189e-05 4.146000810002892613e-04
1.367226337708803228e-04 2.374940394598342580e-05 4.153982344867236404e-04
1.362989152549402524e-04 2.417813034746173786e-05 4.161961419221735280e-04
1.358763958415960447e-04 2.460843937431878047e-05 4.169938332634799140e-04
1.354549605460349856e-04 2.504019344243714197e-05 4.177913172491485943e-04
1.350345983990191331e-04 2.547338994045375159e-05 4.185885853662926130e-04
1.346155095036978154e-04 2.590831870841030983e-05 4.193855806309834352e-04
1.341976967362999370e-04 2.634501260810854321e-05 4.201822806475073594e-04
1.337809079578651799e-04 2.678314161612573488e-05 4.209787290626354245e-04
1.333651318042842105e-04 2.722270275407014098e-05 4.217749176003849211e-04
1.329504242813927671e-04 2.766379119092096851e-05 4.225708187574008412e-04
1.325370539734418811e-04 2.810682509389466103e-05 4.233663349004656478e-04
1.321246473668621403e-04 2.855128487858857875e-05 4.241615558021243700e-04
1.317131927485135925e-04 2.899716720674421565e-05 4.249564734320288657e-04
1.313026793855922691e-04 2.944447017476715299e-05 4.257510795140426857e-04
1.308934249187289822e-04 2.989370730872024018e-05 4.265452437060908604e-04
1.304851353703952133e-04 3.034445636110881425e-05 4.273390477924297317e-04
1.300777372416137402e-04 3.079661933031489177e-05 4.281325056716505078e-04
1.296712196133025180e-04 3.125019420936716241e-05 4.289256092204824151e-04
1.292657643078960695e-04 3.170550042729485376e-05 4.297182643987092470e-04
1.288613262027442580e-04 3.216250008728630048e-05 4.305104645746773355e-04
1.284577189942463088e-04 3.262090598320479466e-05 4.313022759463142454e-04
1.280549314366390850e-04 3.308071574403091951e-05 4.320936906035885688e-04
1.276530246821818684e-04 3.354205591884018112e-05 4.328846622812767739e-04
1.272521721023131753e-04 3.400527056203972253e-05 4.336750731808925634e-04
1.268520897619694479e-04 3.446988442740021082e-05 4.344650529715884685e-04
1.264527661277665754e-04 3.493589478009357562e-05 4.352545939642138493e-04
1.260541903987959147e-04 3.540330019647383933e-05 4.360436881016506363e-04
1.256566233871245859e-04 3.587263283275255479e-05 4.368321469362898579e-04
1.252597993093846728e-04 3.634342220523553615e-05 4.376201114089957995e-04
1.248636729833055444e-04 3.681560150805802885e-05 4.384075951438428233e-04
1.244682349506191288e-04 3.728916909733877375e-05 4.391945910101549425e-04
1.240736411807075298e-04 3.776446029228386808e-05 4.399809713416877191e-04
1.236798962363306936e-04 3.824138368245842630e-05 4.407667887433363652e-04
1.232869102244023730e-04 3.871967553188785391e-05 4.415521541958959640e-04
1.228947153073606724e-04 3.919932832006627218e-05 4.423370849843558193e-04
1.225034345519179031e-04 3.968047248498708852e-05 4.431215591102494601e-04
1.221133277262549622e-04 4.016339466116742273e-05 4.439055251958820905e-04
1.217241579660381607e-04 4.064764876809661695e-05 4.446891353350468910e-04
1.213359573053638486e-04 4.113322673426852055e-05 4.454724068577528714e-04
1.209487585778498762e-04 4.162012165371302761e-05 4.462553567125962582e-04
1.205630233492588913e-04 4.210882563260476177e-05 4.470379017524735371e-04
1.201784476670275122e-04 4.259887774555318256e-05 4.478201743792193214e-04
1.197950204253771836e-04 4.309021633900490648e-05 4.486022037449109018e-04
1.194127746794160759e-04 4.358283422055799286e-05 4.493840066639331237e-04
1.190320506843374861e-04 4.407702512040422916e-05 4.501655593371700430e-04
1.186528517863471595e-04 4.457270825208670486e-05 4.509469084373817719e-04
1.182749825362733022e-04 4.506964004968409549e-05 4.517281085458091502e-04
1.178984758806147419e-04 4.556781260745218585e-05 4.525091762968877604e-04
1.175234972941135417e-04 4.606732901546412251e-05 4.532901208574306902e-04
1.171504643170434877e-04 4.656847253549901652e-05 4.540709547405605306e-04
1.167789440440310575e-04 4.707082573810089009e-05 4.548517325172199898e-04
1.164089692113203325e-04 4.757437994426279434e-05 4.556324704850069421e-04
1.160405739163686056e-04 4.807912750721261131e-05 4.564131847693964203e-04
1.156744043614621242e-04 4.858548400863954006e-05 4.571939042646581595e-04
1.153100310204059761e-04 4.909308066975692493e-05 4.579746588260912737e-04
1.149473881355124276e-04 4.960183715792898594e-05 4.587554641553191412e-04
1.145865100001871185e-04 5.011174522623331135e-05 4.595363359254710060e-04
1.142278187390453539e-04 5.062303082320526168e-05 4.603173145420662391e-04
1.138713978756951943e-04 5.113568531653246984e-05 4.610984352240152023e-04
1.135168949865837743e-04 5.164945672061443222e-05 4.618796948689075856e-04
1.131643440550713687e-04 5.216433582734467643e-05 4.626611085446282086e-04
1.128138837057896486e-04 5.268036886245331464e-05 4.634427014277321937e-04
1.124662293751532742e-04 5.319788655817269215e-05 4.642245657854210698e-04
1.121428322916523162e-04 5.370287863058648836e-05 4.650248122611737658e-04
1.118008980762488861e-04 5.422163473883465508e-05 4.658083752435586205e-04
1.114638877266683928e-04 5.473976774036668147e-05 4.665944809198928562e-04
1.111325247199918822e-04 5.525759036010214275e-05 4.673831875796562152e-04
1.108062797192243279e-04 5.577495959301151531e-05 4.681743217011807975e-04
1.104847386864574827e-04 5.629187306104111257e-05 4.689676764559515135e-04
1.101676760272156429e-04 5.680847509370405140e-05 4.697630339569000037e-04
1.098551859116547481e-04 5.732508386741364881e-05 4.705601946977070881e-04
1.095535872004778843e-04 5.783936048077836518e-05 4.713630380242204705e-04
1.092496323451778447e-04 5.835642074917349331e-05 4.721632005590159541e-04
1.089495501435453737e-04 5.887372748189223504e-05 4.729646644562185420e-04
1.086529478248317391e-04 5.939153475277187690e-05 4.737670999127663123e-04
1.083604970469055460e-04 5.991046547102095378e-05 4.745703330050532248e-04
1.080707612849883233e-04 6.043044297372852193e-05 4.753738730226232862e-04
1.077832672721144690e-04 6.095172441797232471e-05 4.761773733817544342e-04
1.074975981471926152e-04 6.147457169679798963e-05 4.769805071527622267e-04
1.072140499237755564e-04 6.199942472577665755e-05 4.777830840473528068e-04
1.069321367592649221e-04 6.252645060784208647e-05 4.785848125910224077e-04
1.067623297126445077e-04 6.302348486599256699e-05 4.794357317517590196e-04
1.064943255962151917e-04 6.355178812755523103e-05 4.802413652465482418e-04
1.062356430731687735e-04 6.408039354836091530e-05 4.810498572572308000e-04
1.059925541169297607e-04 6.460796124735542195e-05 4.818638470284744503e-04
1.057631757706403085e-04 6.513438825539280520e-05 4.826825404996935159e-04
1.055464260154808764e-04 6.565989986677101236e-05 4.835052528808326611e-04
1.053410021982138263e-04 6.618478966578725654e-05 4.843312613471235841e-04
1.051464625404224394e-04 6.670958528893569943e-05 4.851599606509796438e-04
1.049603871865706448e-04 6.723453577252060120e-05 4.859905038760385502e-04
1.047806699719254546e-04 6.776002187690511507e-05 4.868221080719617889e-04
1.046054524672498031e-04 6.828649910271459124e-05 4.876540456873714379e-04
1.044334101222009920e-04 6.881449820422176904e-05 4.884856815072775686e-04
1.042637702609544532e-04 6.934442707913826814e-05 4.893165740640661966e-04
1.041130559519902986e-04 6.987508921556111771e-05 4.901506371834298947e-04
1.039400111938442432e-04 7.040991773621325988e-05 4.909776881593720145e-04
1.037649713663428753e-04 7.094755680266957409e-05 4.918024938698859101e-04
1.035879260901699734e-04 7.148841050899165813e-05 4.926247653429809310e-04
1.034061190001000900e-04 7.203249352272034841e-05 4.934438607169819389e-04
1.032205003638982278e-04 7.258000146305392084e-05 4.942597803186499043e-04
1.030645776652823497e-04 7.313242820276739671e-05 4.950785670228889613e-04
1.028668633174208483e-04 7.368681905321164578e-05 4.958869966861370127e-04
1.026670037338795095e-04 7.424477021881035089e-05 4.966924438395063472e-04
1.024640633982510588e-04 7.480605655011296918e-05 4.974947974816428063e-04
1.022578465363712009e-04 7.537044690455926279e-05 4.982941327634396022e-04
1.020474717545986768e-04 7.593849074506485517e-05 4.990897441292022453e-04
1.018130448915352413e-04 7.652300384290209689e-05 4.998665076242104219e-04
1.015939825675792621e-04 7.709771973454557334e-05 5.006549938267848728e-04
1.013694320188025116e-04 7.767581933494040658e-05 5.014394527653986402e-04
1.011401297740891636e-04 7.825673908519134060e-05 5.022204468906784876e-04
1.009080255027852713e-04 7.883994895040405035e-05 5.029989025060997449e-04
1.006729003152132652e-04 7.942469984358312704e-05 5.037752930440958597e-04
1.004358314250205293e-04 8.001032664342224560e-05 5.045504314571536272e-04
1.001980683659569303e-04 8.059616070852276869e-05 5.053252005135214133e-04
9.996159780250931802e-05 8.118156554722558106e-05 5.061006890997554438e-04
9.972732923743115739e-05 8.176583936219385888e-05 5.068776972755117223e-04
9.949623638475240013e-05 8.234831679212201313e-05 5.076570013936883416e-04
9.926943999252009401e-05 8.292848589393217516e-05 5.084392847160192769e-04
9.904253148267531189e-05 8.350840140853466747e-05 5.092217174298297594e-04
9.882873334307254324e-05 8.408238344842295568e-05 5.100121804862781669e-04
9.862237523810132519e-05 8.465262947713479344e-05 5.108073104966439704e-04
9.842449256560237866e-05 8.521872368719871852e-05 5.116075446529920554e-04
9.823607939110569516e-05 8.578031515075967785e-05 5.124132175959772353e-04
9.805354132797432622e-05 8.633840646651665313e-05 5.132223049336454186e-04
9.777200943580292673e-05 8.692130350556665679e-05 5.139841999406824903e-04
9.758793175516667371e-05 8.747675935709967520e-05 5.147951153434163164e-04
9.740553572338193596e-05 8.803021628207515804e-05 5.156077757239410945e-04
9.722080724512216846e-05 8.858320722599404343e-05 5.164202264725266779e-04
9.703403218969358472e-05 8.913577723480558830e-05 5.172324957528499694e-04
9.684599606816718192e-05 8.968793670774091080e-05 5.180447532972824645e-04
9.665766886052941473e-05 9.023967961961142992e-05 5.188572264066749389e-04
9.647033249531950178e-05 9.079091633833251363e-05 5.196702718999599751e-04
9.628481642441632810e-05 9.134165982305531592e-05 5.204840685741471060e-04
9.610190359602492865e-05 9.189196710358640027e-05 5.212987489261113484e-04
9.592257681471715947e-05 9.244183045833137958e-05 5.221145252130603891e-04
9.574789146749012193e-05 9.299116697639480593e-05 5.229316620362802056e-04
9.557872508852252081e-05 9.353989433082775099e-05 5.237503676198992757e-04
9.541557661346917812e-05 9.408810656627849081e-05 5.245706377993333402e-04
9.525909731493387936e-05 9.463577187732533926e-05 5.253925706694603228e-04
9.510984531380108043e-05 9.518281245461672382e-05 5.262162614922139816e-04
9.496682100685607201e-05 9.572913614168842200e-05 5.270415250146850581e-04
9.481165628128548472e-05 9.627647128818965126e-05 5.278638987027547361e-04
9.467909788831219467e-05 9.682150441109595401e-05 5.286917118834658829e-04
9.451442089259339831e-05 9.736499541997439193e-05 5.295147478605942253e-04
9.438765522386057699e-05 9.790860622753960187e-05 5.303444572714378132e-04
9.426098864446133649e-05 9.845150545928611720e-05 5.311746475850566852e-04
9.413435097581014557e-05 9.899370861020605455e-05 5.320052970885000678e-04
9.400767737607291304e-05 9.953518464339623675e-05 5.328364152645401674e-04
9.388084313036251262e-05 1.000757196957167657e-04 5.336681212569142864e-04
9.375374189258657098e-05 1.006153777040582405e-04 5.345003558691546015e-04
9.362633056016478599e-05 1.011542510225332592e-04 5.353330513927950004e-04
9.349854156151182695e-05 1.016923129525044615e-04 5.361662135824387656e-04
9.337021531577845363e-05 1.022294023349722364e-04 5.369999205093819615e-04
9.324118733386086398e-05 1.027654269182466136e-04 5.378342042354185629e-04
9.311150801448121381e-05 1.033005753616293292e-04 5.386689492981956750e-04
9.298111221188936704e-05 1.038348267159308836e-04 5.395041572399576031e-04
9.284986704789441065e-05 1.043680912890107890e-04 5.403398625519781166e-04
9.271741139450907592e-05 1.049000769858954979e-04 5.411761917813556451e-04
9.258395997041855049e-05 1.054310910875993102e-04 5.420129800415241991e-04
9.244945010257685507e-05 1.059611152917000395e-04 5.428502262887515122e-04
9.231378452248860747e-05 1.064901035676597840e-04 5.436879409879078742e-04
9.217646367951614890e-05 1.070176908771764269e-04 5.445262693167731306e-04
9.203772327650056755e-05 1.075441419291348798e-04 5.453650780987353988e-04
9.189757472772637937e-05 1.080695011368964912e-04 5.462043372093043202e-04
9.175592641815764644e-05 1.085937294101625819e-04 5.470440514978403912e-04
9.161234779919965395e-05 1.091165524917107508e-04 5.478843138386218668e-04
9.146678647943415818e-05 1.096379878318810803e-04 5.487250972724482499e-04
9.131946252677150576e-05 1.101582228721880829e-04 5.495663171199270279e-04
9.117029736423085074e-05 1.106772278451509064e-04 5.504079721440796906e-04
9.101901494366702167e-05 1.111948488077625679e-04 5.512501012852660722e-04
9.086508746472630321e-05 1.117107877759724791e-04 5.520927832608176541e-04
9.070908920153307041e-05 1.122254189232349319e-04 5.529358840441879561e-04
9.055105304726667381e-05 1.127387356103151780e-04 5.537794065221763934e-04
9.039098244342453953e-05 1.132507008626464171e-04 5.546233664271348019e-04
9.022838407774414100e-05 1.137608997760200980e-04 5.554679127359999800e-04
9.006390758627576796e-05 1.142697080109968084e-04 5.563129342432063381e-04
8.989772176365814138e-05 1.147771990646090238e-04 5.571584132789926059e-04
8.972986961967582430e-05 1.152833545864136850e-04 5.580043635354278546e-04
8.956015053682543983e-05 1.157879324535612852e-04 5.588508835972817723e-04
8.938868416571718134e-05 1.162909274636193184e-04 5.596979934217852139e-04
8.921585563032503375e-05 1.167926107245089584e-04 5.605456041609467154e-04
8.904172711406278362e-05 1.172929806507186032e-04 5.613937249997675606e-04
8.886631054957124659e-05 1.177919733946406318e-04 5.622423915215263692e-04
8.868937320294466699e-05 1.182891905336189170e-04 5.630917843023339545e-04
8.851142517526379113e-05 1.187851063813169316e-04 5.639417265259125513e-04
8.833253175602368858e-05 1.192797227760487226e-04 5.647922273113529503e-04
8.815274606095047799e-05 1.197730181786235709e-04 5.656433069066020254e-04
8.797197881645956797e-05 1.202646906070859757e-04 5.664951174577344869e-04
8.779044686114419573e-05 1.207548977505801095e-04 5.673476096581401076e-04
8.760832502651415851e-05 1.212438207299752242e-04 5.682007132908517728e-04
8.742567756739971329e-05 1.217314550068169501e-04 5.690544419057177918e-04
8.724254277439506616e-05 1.222176845148771390e-04 5.699088670149675710e-04
8.705897161084576706e-05 1.227022558364646216e-04 5.707641401444517879e-04
8.687516824812197491e-05 1.231855611502626438e-04 5.716200794896996590e-04
8.669119937164869395e-05 1.236676037601673703e-04 5.724766950632305352e-04
8.650713413248268537e-05 1.241483603379362789e-04 5.733340123160329555e-04
8.632307511537493224e-05 1.246274957273328925e-04 5.741922380401117722e-04
8.613914285639074860e-05 1.251052683269073809e-04 5.750512503393821794e-04
8.595540445929995442e-05 1.255817986616592570e-04 5.759109938489937776e-04
8.577193078169736572e-05 1.260570798832539858e-04 5.767714849819626953e-04
8.558884970945392935e-05 1.265309613875981621e-04 5.776328312509171814e-04
8.540634459780340555e-05 1.270032915830136648e-04 5.784951513276661607e-04
8.522439324144820286e-05 1.274744008274643521e-04 5.793582559692719066e-04
8.504306263576874244e-05 1.279442929363845205e-04 5.802221543719191400e-04
8.486244152765929781e-05 1.284129427493721964e-04 5.810868757404148363e-04
8.468287590178400523e-05 1.288799911032223705e-04 5.819526827663646599e-04
8.450426848367003198e-05 1.293457713459463464e-04 5.828193706890843996e-04
8.432664125872607022e-05 1.298103557786792824e-04 5.836869014749990680e-04
8.415007509377561137e-05 1.302737346296575663e-04 5.845552931661561220e-04
8.397483766570995503e-05 1.307357247291041362e-04 5.854246933161275698e-04
8.380112874679543041e-05 1.311962656148088025e-04 5.862951685015550720e-04
8.362875812474473741e-05 1.316556311723959772e-04 5.871665303010281016e-04
8.345779189886010942e-05 1.321138249149929767e-04 5.880387852888804010e-04
8.328834247157597956e-05 1.325708184623509121e-04 5.889119652249006709e-04
8.312105845861195348e-05 1.330262208067043111e-04 5.897863932821116508e-04
8.295549105343261122e-05 1.334804501024968349e-04 5.906617576860906556e-04
8.279168284541686218e-05 1.339335261974899927e-04 5.915380501980905441e-04
8.262972998296540315e-05 1.343854345452445362e-04 5.924152899318919701e-04
8.247011519418028663e-05 1.348359453689211725e-04 5.932936762585771856e-04
8.231288680995104182e-05 1.352851121250881752e-04 5.941731806817834773e-04
8.215776832277098523e-05 1.357331420940868457e-04 5.950536390592296981e-04
8.200483212513981295e-05 1.361800335959388705e-04 5.959350572266089961e-04
8.185431437512355511e-05 1.366257080385876403e-04 5.968175070945739343e-04
8.170694478488587124e-05 1.370698747289066566e-04 5.977012477937613828e-04
8.156203002677390318e-05 1.375129183758339924e-04 5.985859576267735628e-04
8.141963167809287678e-05 1.379548409985493660e-04 5.994716361999111870e-04
8.127987208377310778e-05 1.383956199765619562e-04 6.003583041774979145e-04
8.114359593851009299e-05 1.388349459538895528e-04 6.012462347570739652e-04
8.101037448629867257e-05 1.392730494987968050e-04 6.021352323175554458e-04
8.088000411900411323e-05 1.397100421095186739e-04 6.030251987991183150e-04
8.075258020748911142e-05 1.401459118482488388e-04 6.039161419704945199e-04
8.062867777027398787e-05 1.405804767983084218e-04 6.048082183655345036e-04
8.050860669145591219e-05 1.410136714652788863e-04 6.057014845781842670e-04
8.039171058393985731e-05 1.414457619880105565e-04 6.065957061773539268e-04
8.027805385234411265e-05 1.418767459641894347e-04 6.074908788178800395e-04
8.016790410960690321e-05 1.423065558349022233e-04 6.083870533512646507e-04
8.006239848821928987e-05 1.427348569492631163e-04 6.092845085308465315e-04
7.996037813663119250e-05 1.431620573322425598e-04 6.101828908207056331e-04
7.986189392682396186e-05 1.435881570116954694e-04 6.110821899700133409e-04
7.976709277470908188e-05 1.440131276012894708e-04 6.119824181950095018e-04
7.967724421911025624e-05 1.444366115284928672e-04 6.128838545084749857e-04
7.959133289812301236e-05 1.448588869060646095e-04 6.137862412251362827e-04
7.950898210818149422e-05 1.452799890891798111e-04 6.146895077284215579e-04
7.943014979256020867e-05 1.456998508602754677e-04 6.155936648744221194e-04
7.935550977187004961e-05 1.461180829096518402e-04 6.164989326346104279e-04
7.928448547259681035e-05 1.465347375919319255e-04 6.174052182809586448e-04
7.921642999653983458e-05 1.469499833099770681e-04 6.183123779837588607e-04
7.915127565140568774e-05 1.473637568889822808e-04 6.192204227764794853e-04
7.908941298536498264e-05 1.477757043578301727e-04 6.201295274429140768e-04
7.903069559836503469e-05 1.481856932335502404e-04 6.210397256591175270e-04
7.897437026200675734e-05 1.485940440712840509e-04 6.219508109866695496e-04
7.892035825644799589e-05 1.490006993942037824e-04 6.228627942240822944e-04
7.886885308918083063e-05 1.494053476146123304e-04 6.237758145543953123e-04
7.881993202745942058e-05 1.498076520942166344e-04 6.246900122010728452e-04
7.877284495041180000e-05 1.502080932345707621e-04 6.256051237868030714e-04
7.872750646812664058e-05 1.506066186669812661e-04 6.265211594474552398e-04
7.868397530958647556e-05 1.510029645439675799e-04 6.274382276629620692e-04
7.864240193180727805e-05 1.513965747712223012e-04 6.283565643079103494e-04
7.860211828816275679e-05 1.517880953390253614e-04 6.292758512200244750e-04
7.856303510844436333e-05 1.521774786612478485e-04 6.301960971885545897e-04
7.852512219319573159e-05 1.525645163121093300e-04 6.311173808382464050e-04
7.848849183775812738e-05 1.529484123769507022e-04 6.320400300557871233e-04
7.845261547132958209e-05 1.533299869215712765e-04 6.329636713814712013e-04
7.841740190844737784e-05 1.537091974053043171e-04 6.338883112827696205e-04
7.838276925469954068e-05 1.540859045994041855e-04 6.348139954824060568e-04
7.834870190975144787e-05 1.544590388324153306e-04 6.357411469060368116e-04
7.831485582533393656e-05 1.548296098678905817e-04 6.366693338693802480e-04
7.828113941169820072e-05 1.551975733544950782e-04 6.375985623394524182e-04
7.824745174124418201e-05 1.555627997735093673e-04 6.385288707088530771e-04
7.821357711474891182e-05 1.559241873001939024e-04 6.394606705374216013e-04
7.817938371828162089e-05 1.562826488596365043e-04 6.403935882744752001e-04
7.814478318069149876e-05 1.566382435119962257e-04 6.413275875269253525e-04
7.810966012227560189e-05 1.569908427384087335e-04 6.422627018868923548e-04
7.807363848340538386e-05 1.573393901708196091e-04 6.431993001128629523e-04
7.803670039698549533e-05 1.576845724336717021e-04 6.441371081981946828e-04
7.799880937656528894e-05 1.580266099298341994e-04 6.450760298181540918e-04
7.795983984764467978e-05 1.583653791645274857e-04 6.460160911557388981e-04
7.791931751766452896e-05 1.586999238532067649e-04 6.469575987314088320e-04
7.787719985011588050e-05 1.590305790530309211e-04 6.479004095518573533e-04
7.783356988190408905e-05 1.593577897757559149e-04 6.488443526242011978e-04
7.778829824481006867e-05 1.596814434683989977e-04 6.497894437023813774e-04
7.774089720061773910e-05 1.600007589996599018e-04 6.507359049352490731e-04
7.769111230341909920e-05 1.603155490359972613e-04 6.516837590451960696e-04
7.763923840999020201e-05 1.606265702017023998e-04 6.526327446031232951e-04
7.758515149915719657e-05 1.609337290184199984e-04 6.535828637291130712e-04
7.752846363604842448e-05 1.612365180874438355e-04 6.545342324802113157e-04
7.746845961562574823e-05 1.615340045417602128e-04 6.554870701810656649e-04
7.740577004333899780e-05 1.618273709754900402e-04 6.564410117059933918e-04
7.734028243958593503e-05 1.621165448997417737e-04 6.573960446972596525e-04
7.727179084037221932e-05 1.624013270107206456e-04 6.583521849818845884e-04
7.719902773920830040e-05 1.626800812201248175e-04 6.593097858488537223e-04
7.712287952085032628e-05 1.629542199137663002e-04 6.602684553671900151e-04
7.704331036848697460e-05 1.632237805751264733e-04 6.612281446504901863e-04
7.696013478987772706e-05 1.634886002393716789e-04 6.621888468053798013e-04
7.687236236026511718e-05 1.637475163878176815e-04 6.631507484893822820e-04
7.678004474125816345e-05 1.640007463690546972e-04 6.641137382618517463e-04
7.668366482843238889e-05 1.642489861168939830e-04 6.650776288619113588e-04
7.658307823492535550e-05 1.644921254547481219e-04 6.660423890487406420e-04
7.647779656433096847e-05 1.647296555759868218e-04 6.670080439929287333e-04
7.636654471931068053e-05 1.649601951009433418e-04 6.679747244852327634e-04
7.625057611268709395e-05 1.651853088888524418e-04 6.689421290258170012e-04
7.612976380468890582e-05 1.654049056728329708e-04 6.699102085553131167e-04
7.600388234887823081e-05 1.656187861656281202e-04 6.708789204964697066e-04
7.587153768241961709e-05 1.658254769890460043e-04 6.718483319366646330e-04
7.573318410274569091e-05 1.660255820540194134e-04 6.728182865577802662e-04
7.558932872835413244e-05 1.662197151107612178e-04 6.737886542935377868e-04
7.543982789730292575e-05 1.664077638726548349e-04 6.747593664797631305e-04
7.528419224701751950e-05 1.665892530274478984e-04 6.757303610276805530e-04
7.512068538124363375e-05 1.667624213312595273e-04 6.767015835115361118e-04
7.495103279115131265e-05 1.669291588882850842e-04 6.776728771239398175e-04
7.477511638236511817e-05 1.670893753100496796e-04 6.786441539456362438e-04
7.459275412520013232e-05 1.672429088964631197e-04 6.796153200339798443e-04
7.440274647705567542e-05 1.673885447277141929e-04 6.805862369244971167e-04
7.420526817750071260e-05 1.675264633053447267e-04 6.815567911296394922e-04
7.400150995684702580e-05 1.676578894623063096e-04 6.825269480826251338e-04
7.379152825914634523e-05 1.677828739829397041e-04 6.834966291651417688e-04
7.357524317327502705e-05 1.679013275562894422e-04 6.844657424970644697e-04
7.335099927866784960e-05 1.680115355990837757e-04 6.854340211161316946e-04
7.312048696371493484e-05 1.681152517453900631e-04 6.864015448901077555e-04
7.288405218946184720e-05 1.682128310539970169e-04 6.873682776273781683e-04
7.264172296783377714e-05 1.683042991173935399e-04 6.883341475497757557e-04
7.239301521301132105e-05 1.683891537112645995e-04 6.892989981745477638e-04
7.213706686393962786e-05 1.684665093380284962e-04 6.902625863819944734e-04
7.187551227530778429e-05 1.685380642652326260e-04 6.912251168303803952e-04
7.160841753874324115e-05 1.686038866909656041e-04 6.921865343645024248e-04
7.133576078524599292e-05 1.686639549788966012e-04 6.931467655602802699e-04
7.105647185897038631e-05 1.687171711363504836e-04 6.941054942131299295e-04
7.077116260262270877e-05 1.687641808046037503e-04 6.950627741862034064e-04
7.048063623702579465e-05 1.688058188496850058e-04 6.960187328772192688e-04
7.018495443255914044e-05 1.688421524852250699e-04 6.969733262125628586e-04
6.988399186175602560e-05 1.688730588077632050e-04 6.979264577680889233e-04
6.957629442040812380e-05 1.688970646138184656e-04 6.988776373852801727e-04
6.926369987558671541e-05 1.689160696653414686e-04 6.998273321778660308e-04
6.894627361061060893e-05 1.689301475260655252e-04 7.007755089554261419e-04
6.862401589769131117e-05 1.689393065403705643e-04 7.017221142847866050e-04
6.829613614616350059e-05 1.689427592967444804e-04 7.026668251895522256e-04
6.796280777924613211e-05 1.689407068216161210e-04 7.036096322338327835e-04
6.762495652891675768e-05 1.689341004199244433e-04 7.045508070835834183e-04
6.728264261675722183e-05 1.689230109904782439e-04 7.054903258207265420e-04
6.693578396677423814e-05 1.689073690656324261e-04 7.064281100685473143e-04
6.658300939713897380e-05 1.688858347471779218e-04 7.073635692462572518e-04
6.622600717340752416e-05 1.688601157014989250e-04 7.082973173422619367e-04
6.586483597383246730e-05 1.688302829962369533e-04 7.092293382665891327e-04
6.549948635986140586e-05 1.687963419688414562e-04 7.101595877733010882e-04
6.512914464648216243e-05 1.687575210731068198e-04 7.110876701692864970e-04
6.475420341405156385e-05 1.687142387888095920e-04 7.120137066690982938e-04
6.437536824907182651e-05 1.686672015288084013e-04 7.129379735973725030e-04
6.399267136617923667e-05 1.686164567551370896e-04 7.138604516318880011e-04
6.360581447921252035e-05 1.685617413250038396e-04 7.147809648243382994e-04
6.321407686275046635e-05 1.685024108408895278e-04 7.156991258674840579e-04
6.281870238564882312e-05 1.684396730179381645e-04 7.166154998123756056e-04
6.241974057929916575e-05 1.683735926376614205e-04 7.175300823008734421e-04
6.201715173862409284e-05 1.683041539146849319e-04 7.184428239862142383e-04
6.160988937034966330e-05 1.682304337759540740e-04 7.193531540991793217e-04
6.119902639227095878e-05 1.681534558100784707e-04 7.202615947797038221e-04
6.078481034257410194e-05 1.680734673609731659e-04 7.211682509544106853e-04
6.036723123671875119e-05 1.679904821461407436e-04 7.220730928909166891e-04
5.994562553508128971e-05 1.679039493545399762e-04 7.229757327682411003e-04
5.952025035624516089e-05 1.678141447434373045e-04 7.238762824719705436e-04
5.909173799724651207e-05 1.677216489865395734e-04 7.247750707729916191e-04
5.866010220217136525e-05 1.676264979943257734e-04 7.256720854097323606e-04
5.822499357883850426e-05 1.675284302122725575e-04 7.265671056016500488e-04
5.778600922084390181e-05 1.674271650879545319e-04 7.274598748756365245e-04
5.734408578643226408e-05 1.673235158469053765e-04 7.283509188775503336e-04
5.689925606783341266e-05 1.672175346513337800e-04 7.292402407554264771e-04
5.645143000026901938e-05 1.671091801137380810e-04 7.301277704896781467e-04
5.599966880664068801e-05 1.669977751533982839e-04 7.310129257255248416e-04
5.554514971292431310e-05 1.668842817635670783e-04 7.318964022130246055e-04
5.508790523183177101e-05 1.667687522224267085e-04 7.327782068944155638e-04
5.462790043916844230e-05 1.666511917933543652e-04 7.336583054750714416e-04
5.416433649432522040e-05 1.665310763781331020e-04 7.345361891694271277e-04
5.369797108690287042e-05 1.664090079382979262e-04 7.354123180418538786e-04
5.322904215458310935e-05 1.662851869844616712e-04 7.362868311913717571e-04
5.275753220227002971e-05 1.661596344090601491e-04 7.371597078823356828e-04
5.228287710473343271e-05 1.660320301090155806e-04 7.380305802534937792e-04
5.180535298322843778e-05 1.659026212033035575e-04 7.388996161365470570e-04
5.132541277894488927e-05 1.657717357429352404e-04 7.397670985474261943e-04
5.084305481424519833e-05 1.656394071382898830e-04 7.406330194821121940e-04
5.035792835070445527e-05 1.655054788173239064e-04 7.414971459317945676e-04
4.986987599787306915e-05 1.653699363749522484e-04 7.423593712888870580e-04
4.937954084210736922e-05 1.652331860413407886e-04 7.432201094672249465e-04
4.888692917646539658e-05 1.650952585195851919e-04 7.440793586256253195e-04
4.839187655893541982e-05 1.649560977551207410e-04 7.449370043108401911e-04
4.789377025093863012e-05 1.648154221328622620e-04 7.457926326896721419e-04
4.739341948851335498e-05 1.646736520538575504e-04 7.466467695685589500e-04
4.689082673544327451e-05 1.645307998486664376e-04 7.474994085436797824e-04
4.638593323570662578e-05 1.643868497580867666e-04 7.483505018798750639e-04
4.587798390248835391e-05 1.642414671917718973e-04 7.491995311980182782e-04
4.536769682419418621e-05 1.640950101980812373e-04 7.500469725849862697e-04
4.485518152744535469e-05 1.639475415777212890e-04 7.508928925194321329e-04
4.434039867453899833e-05 1.637990558738413964e-04 7.517372560319848275e-04
4.382281015856661141e-05 1.636493333992148432e-04 7.525796838192454425e-04
4.330265565581235734e-05 1.634985036234417363e-04 7.534203318660104547e-04
4.278028739093156215e-05 1.633467337360799282e-04 7.542594366061640540e-04
4.225568599031652727e-05 1.631940277161864116e-04 7.550969767830867287e-04
4.172853656518503510e-05 1.630402713207744253e-04 7.559327229012455501e-04
4.119858573369708732e-05 1.628853863270226826e-04 7.567664867948061501e-04
4.066643621684903963e-05 1.627296336350925762e-04 7.575986871716758504e-04
4.013208904342952535e-05 1.625730256709350806e-04 7.584293173587238531e-04
3.959545756042221203e-05 1.624155427874766227e-04 7.592583075551654313e-04
3.905578347305955253e-05 1.622569231509438440e-04 7.600851032821721734e-04
3.851392633931429897e-05 1.620975090177220323e-04 7.609103168702176234e-04
3.796988941614323515e-05 1.619373137901905188e-04 7.617339434857159928e-04
3.742362868960051890e-05 1.617763351117906974e-04 7.625559436110220489e-04
3.687455046125697952e-05 1.616143881401497422e-04 7.633758738756288168e-04
3.632306106281707253e-05 1.614516364423846436e-04 7.641940247307562294e-04
3.576940817080096694e-05 1.612881777131550283e-04 7.650105718596730007e-04
3.521356946143590892e-05 1.611240177527671223e-04 7.658254915778597242e-04
3.465519417517973910e-05 1.609590636245182126e-04 7.666385145673585994e-04
3.409414940861409116e-05 1.607933003939028169e-04 7.674495329535541361e-04
3.353095789552251759e-05 1.606269047583209467e-04 7.682589323078603235e-04
3.296561913609714781e-05 1.604598893753797148e-04 7.690667054354708874e-04
3.239802686560677546e-05 1.602922388349742615e-04 7.698727645790349626e-04
3.182750502041716012e-05 1.601237919246996703e-04 7.706765866810536512e-04
3.125485358750542270e-05 1.599547877116797316e-04 7.714787758250143956e-04
3.068007626806492705e-05 1.597852400870605457e-04 7.722793282265287031e-04
3.010313105905849604e-05 1.596151524563709011e-04 7.730782046824732955e-04
2.952344488944174525e-05 1.594444073072580847e-04 7.738749539738375583e-04
2.894141346677611590e-05 1.592731242768388787e-04 7.746698760228811539e-04
2.835727380877925191e-05 1.591013734327482185e-04 7.754631490062840896e-04
2.777100639955249056e-05 1.589291641821936202e-04 7.762547510875272274e-04
2.718229025178361144e-05 1.587564473920722512e-04 7.770444228179014144e-04
2.659095990212296170e-05 1.585832164581964015e-04 7.778320261352089085e-04
2.599753931182386627e-05 1.584095936078417353e-04 7.786179692847127170e-04
2.540203134675009770e-05 1.582355927569243335e-04 7.794022482445536054e-04
2.480436593260229605e-05 1.580612165637841344e-04 7.801848005111505953e-04
2.420381877727761851e-05 1.578863695389958518e-04 7.809650383997391188e-04
2.360119969920052843e-05 1.577112067260860598e-04 7.817436061664578481e-04
2.299651275233346634e-05 1.575357422782938861e-04 7.825205009190007053e-04
2.238972179302518216e-05 1.573599855771435339e-04 7.832956870596865292e-04
2.178031824921713869e-05 1.571838909382917862e-04 7.840687442314650448e-04
2.116858411732600175e-05 1.570075208074891450e-04 7.848398956214386237e-04
2.055480083872838055e-05 1.568309253805061647e-04 7.856093653612220094e-04
1.993895482289912276e-05 1.566541173643040067e-04 7.863771361788606104e-04
1.932079038352688509e-05 1.564770899537698285e-04 7.871429907656070412e-04
1.870002560098287862e-05 1.562998455409947396e-04 7.879066890342637831e-04
1.807723069077361939e-05 1.561224522655802317e-04 7.886686980034850539e-04
1.745240992344408463e-05 1.559449243550484329e-04 7.894290153017661680e-04
1.682551218524625761e-05 1.557672739791243961e-04 7.901875920550093229e-04
1.619586010736589075e-05 1.555894913183831986e-04 7.909438533228234326e-04
1.556413923102974303e-05 1.554116334706089151e-04 7.916983696371096254e-04
1.493041190212473788e-05 1.552337174715084293e-04 7.924511877550940303e-04
1.429464945136095317e-05 1.550557575228628227e-04 7.932022774139926152e-04
1.365642616301255087e-05 1.548777684894299303e-04 7.939512702754582523e-04
1.301586597494301427e-05 1.546997793162439199e-04 7.946982656247659300e-04
1.237331903683382664e-05 1.545218084554299005e-04 7.954435570831244837e-04
1.172768106899011111e-05 1.543475353062260136e-04 7.961869145560596236e-04
1.106639289167605531e-05 1.542183124073564333e-04 7.969257174639962854e-04
1.041623132285913558e-05 1.540432048656237079e-04 7.976650582545589735e-04
9.762636488238039698e-06 1.538728605917500096e-04 7.984024822958068384e-04
9.105669156007446523e-06 1.537071833095314511e-04 7.991379703550275607e-04
8.445364237540142996e-06 1.535460079958450173e-04 7.998714669879723391e-04
7.781234573391622382e-06 1.533891484054545696e-04 8.006024422629691700e-04
7.113900380163540764e-06 1.532362725869616913e-04 8.013313403269887742e-04
6.443630686647622071e-06 1.530870041838479226e-04 8.020582901580407395e-04
5.770545122587743510e-06 1.529409257766110343e-04 8.027832836069549250e-04
5.094453181445035755e-06 1.527976142883757894e-04 8.035060285631563442e-04
4.415481690781352933e-06 1.526565803662747155e-04 8.042265189477442681e-04
3.734208749305086914e-06 1.525172365759958710e-04 8.049451634358576737e-04
3.050801130167770278e-06 1.523790212208176234e-04 8.056619967803511266e-04
2.365321814300212375e-06 1.522413775672581742e-04 8.063769594190456531e-04
1.677383670389843395e-06 1.521038309851972152e-04 8.070895755089076574e-04
9.878331553640028619e-07 1.519657004467508661e-04 8.078005183136337773e-04
2.968358888052125642e-07 1.518264253719059994e-04 8.085098312268866995e-04
-3.954855035042634319e-07 1.516854769621598536e-04 8.092175203852752232e-04
-1.089492525040728730e-06 1.515424656744669848e-04 8.099231416492504252e-04
-1.784692323596882133e-06 1.513968656758299413e-04 8.106270572408195768e-04
-2.480754079554657928e-06 1.512482186881812106e-04 8.113294825149390934e-04
-3.177579116960604315e-06 1.510961683172948940e-04 8.120304208543321130e-04
-3.875351091892759091e-06 1.509404898481903729e-04 8.127296185132283635e-04
-4.574143990409163160e-06 1.507810036482133827e-04 8.134269358935816143e-04
-5.273429468862039772e-06 1.506174299611465997e-04 8.141228111107067259e-04
-5.973162876940635437e-06 1.504496774415662046e-04 8.148172397160538798e-04
-6.673380865475589379e-06 1.502777476301526223e-04 8.155101564924527617e-04
-7.374740581457251702e-06 1.501019052823348047e-04 8.162009335514985820e-04
-8.076543181869363624e-06 1.499220743271962859e-04 8.168902324337277759e-04
-8.778833477927257888e-06 1.497384578327410742e-04 8.175780350509095603e-04
-9.481712187821970565e-06 1.495513390661756272e-04 8.182642910035683266e-04
-1.018574588907701781e-05 1.493612219204635953e-04 8.189485360920756860e-04
-1.089077545878301811e-05 1.491684225709528444e-04 8.196310030889345172e-04
-1.159669137014562964e-05 1.489733085743172195e-04 8.203118942989851264e-04
-1.230365682703993233e-05 1.487763812054873017e-04 8.209911726207341949e-04
-1.301209297783390112e-05 1.485782762945287458e-04 8.216685736631983324e-04
-1.372238003290120207e-05 1.483796524685399953e-04 8.223438814229348673e-04
-1.443421115993122987e-05 1.481809132535412388e-04 8.230175273346489271e-04
-1.514776932657528186e-05 1.479826592544208636e-04 8.236894868842170331e-04
-1.586328879472834926e-05 1.477855185825154125e-04 8.243596856251165627e-04
-1.658161668836926079e-05 1.475903917365715273e-04 8.250274653391258348e-04
-1.730220274763971997e-05 1.473975628922113426e-04 8.256934771474254767e-04
-1.802520691240692765e-05 1.472075969163956000e-04 8.263576884103532479e-04
-1.875080913369647802e-05 1.470210446088846478e-04 8.270200309328778207e-04
-1.947960244354479580e-05 1.468386320861303908e-04 8.276800187213201928e-04
-2.021141976106530640e-05 1.466606874647944639e-04 8.283378765716739242e-04
-2.094612114904995846e-05 1.464874938940686773e-04 8.289937846601889114e-04
-2.168378939994387592e-05 1.463193940303656880e-04 8.296476845259309271e-04
-2.242473346341119611e-05 1.461568033195110238e-04 8.302992693492485801e-04
-2.316911714951403218e-05 1.460000148323807915e-04 8.309483512667441805e-04
-2.391538841674162487e-05 1.458450977246727792e-04 8.315955865746573047e-04
-2.465088269525242786e-05 1.456484677908672254e-04 8.322437970814341480e-04
-2.540228555762762504e-05 1.455014552032304442e-04 8.328870545285505488e-04
-2.615599839881246921e-05 1.453558505353836120e-04 8.335279256394653898e-04
-2.691138004434784296e-05 1.452112893757636291e-04 8.341670658332311439e-04
-2.766842421072971170e-05 1.450677845493994846e-04 8.348044746824144404e-04
-2.842716415061810376e-05 1.449253755360203433e-04 8.354401102391290340e-04
-2.918808339427027531e-05 1.447844070176416379e-04 8.360734578764772960e-04
-2.995079541710330692e-05 1.446446532438019125e-04 8.367049155515431796e-04
-3.071514237577573325e-05 1.445060266381169257e-04 8.373346424231896401e-04
-3.148114277509450756e-05 1.443685579833744006e-04 8.379626114322564264e-04
-3.224911790030692433e-05 1.442324997093418556e-04 8.385884721711398893e-04
-3.301904017382370997e-05 1.440978650896371997e-04 8.392122451666093321e-04
-3.379056894526483585e-05 1.439644276945976529e-04 8.398342880540252088e-04
-3.456370894776591122e-05 1.438322088300698692e-04 8.404545880992257039e-04
-3.533863014535444126e-05 1.437013602506395800e-04 8.410729528374898990e-04
-3.611563886681876367e-05 1.435721536789279955e-04 8.416890393911822220e-04
-3.689422474939548879e-05 1.434442135392326601e-04 8.423033966785126040e-04
-3.767438086663153963e-05 1.433175519213296400e-04 8.429160244603029015e-04
-3.845614827468809963e-05 1.431922221110938881e-04 8.435268691126296707e-04
-3.924010141231264008e-05 1.430687372092223717e-04 8.441352838357994628e-04
-4.002561577689571167e-05 1.429465991543508584e-04 8.447419542617106477e-04
-4.081266989473850517e-05 1.428258076678545145e-04 8.453468962081851041e-04
-4.160129288363194908e-05 1.427064082850474118e-04 8.459500684241987511e-04
-4.239192799186813784e-05 1.425888324727647108e-04 8.465509606241942899e-04
-4.318427017931195246e-05 1.424728625075613174e-04 8.471499133018695190e-04
-4.397816703526288444e-05 1.423584000000024214e-04 8.477470946689936050e-04
-4.477365586315122344e-05 1.422455217055433943e-04 8.483424560464130661e-04
-4.557109660330172781e-05 1.421346502620538703e-04 8.489355790676152451e-04
-4.637046742101062053e-05 1.420258395641783205e-04 8.495264816941900396e-04
-4.717146068783092743e-05 1.419188120735961586e-04 8.501155099362186053e-04
-4.797410263750787973e-05 1.418136366617182647e-04 8.507026242217969204e-04
-4.877863737857292785e-05 1.417106431431949744e-04 8.512875301839251336e-04
-4.958532883425931535e-05 1.416102173588076234e-04 8.518699070624087977e-04
-5.039370691939594238e-05 1.415118569988567073e-04 8.524502943124659306e-04
-5.120378543509279657e-05 1.414156194480083910e-04 8.530286629651352964e-04
-5.201567965403296651e-05 1.413216973265869064e-04 8.536048615240973908e-04
-5.282996295557163739e-05 1.412309100079666335e-04 8.541781847368221190e-04
-5.364599228357516442e-05 1.411424786029786714e-04 8.547493897217402561e-04
-5.446377588585502543e-05 1.410564568469441444e-04 8.553184497559918748e-04
-5.528337028036950260e-05 1.409729700338560338e-04 8.558852770270680829e-04
-5.610537917264876977e-05 1.408929491244714457e-04 8.564491004775547827e-04
-5.692929816599546421e-05 1.408157443010371167e-04 8.570105235468494917e-04
-5.775502320880545427e-05 1.407412521364307387e-04 8.575696550113530740e-04
-5.858259531494027032e-05 1.406695844751499236e-04 8.581264192035559452e-04
-5.941246134943649749e-05 1.406015035247782329e-04 8.586802113217566548e-04
-6.024447306129236294e-05 1.405368635841748983e-04 8.592311895103017794e-04
-6.107833409070890130e-05 1.404752507572020978e-04 8.597797133305212476e-04
-6.191406725436142627e-05 1.404167564679775380e-04 8.603257232294214468e-04
-6.275193701713716304e-05 1.403618940486473779e-04 8.608688273272130159e-04
-6.359220026372512853e-05 1.403112013570552755e-04 8.614086296026382842e-04
-6.443434526681539581e-05 1.402638624198001877e-04 8.619457974959063642e-04
-6.527837413579055264e-05 1.402199403646265199e-04 8.624802922148798933e-04
-6.612434616373990409e-05 1.401796101861043763e-04 8.630119890979824539e-04
-6.697296099507264397e-05 1.401442850461605358e-04 8.635398179816475587e-04
-6.782348047282751717e-05 1.401126603876440269e-04 8.640648082537638304e-04
-6.867589945832909559e-05 1.400847947630363976e-04 8.645869228169235495e-04
-6.953025239315133459e-05 1.400608311949998294e-04 8.651060604361902667e-04
-7.038699590981792461e-05 1.400418041915088053e-04 8.656214495817388197e-04
-7.124591025565774104e-05 1.400273787292050402e-04 8.661333637042292191e-04
-7.210672215109763228e-05 1.400170661680930431e-04 8.666421804602884643e-04
-7.296943826905284334e-05 1.400109655012884665e-04 8.671478297059559285e-04
-7.383424777207219891e-05 1.400096014921174193e-04 8.676499241679102355e-04
-7.470149296590713778e-05 1.400139004597908540e-04 8.681477845960301754e-04
-7.557061241296350422e-05 1.400226763996540152e-04 8.686423066067006224e-04
-7.644159493891434511e-05 1.400360014562638871e-04 8.691334374104794881e-04
-7.731446902422765800e-05 1.400540549217755399e-04 8.696210444116095903e-04
-7.818972590742201509e-05 1.400782336582312958e-04 8.701040947833823310e-04
-7.906696326434811965e-05 1.401076637202490819e-04 8.705832459048138414e-04
-7.994600883847343385e-05 1.401420162067192087e-04 8.710587414557910456e-04
-8.082685707097636617e-05 1.401814035234159536e-04 8.715304951559316908e-04
-8.170968268012805821e-05 1.402264746023342890e-04 8.719980233457873481e-04
-8.259472687605536056e-05 1.402781417975024517e-04 8.724606508444652684e-04
-8.348149365857442290e-05 1.403351075912195477e-04 8.729193407432511015e-04
-8.436995689530244781e-05 1.403974460233320149e-04 8.733740315923482073e-04
-8.526012060532239399e-05 1.404653409707177429e-04 8.738245795110659124e-04
-8.615235168072261354e-05 1.405402427573580043e-04 8.742698986514593458e-04
-8.704635461228785046e-05 1.406214022802600822e-04 8.747105440085530545e-04
-8.794192491796077378e-05 1.407083066655579330e-04 8.751468899845469282e-04
-8.883903041677422324e-05 1.408010449411254154e-04 8.755788590764328324e-04
-8.973771851560333657e-05 1.409000427317426603e-04 8.760061203328578560e-04
-9.063831277218242994e-05 1.410069469588283257e-04 8.764274248281961029e-04
-9.154030547145501010e-05 1.411199570473335425e-04 8.768441187311351625e-04
-9.244365084395782511e-05 1.412391410408276790e-04 8.772561358953793456e-04
-9.334831666136160315e-05 1.413646467764821408e-04 8.776633485386495367e-04
-9.425445701872957826e-05 1.414976115117574950e-04 8.780648752096682080e-04
-9.516201044770610353e-05 1.416381998887530122e-04 8.784605735182341672e-04
-9.607069495974791817e-05 1.417852970962981231e-04 8.788512783310773076e-04
-9.698045284208938474e-05 1.419389629750175252e-04 8.792369241373314747e-04
-9.789124441782514664e-05 1.420994043362910073e-04 8.796173305249468943e-04
-9.880325268732011981e-05 1.422685085686575378e-04 8.799910135344993656e-04
-9.971618415222355920e-05 1.424448568303821245e-04 8.803590520777300867e-04
-1.006299114276252410e-04 1.426280652517852073e-04 8.807217255824238960e-04
-1.015443425878100107e-04 1.428181877010580795e-04 8.810790258272788991e-04
-1.024593513649884718e-04 1.430157063989084148e-04 8.814307914913587774e-04
-1.033742641828785659e-04 1.432214878597244776e-04 8.817780465844439301e-04
-1.042883671025761225e-04 1.434330666088771532e-04 8.821239486146573768e-04
-1.052011656093273156e-04 1.436500646271617987e-04 8.824699380564427278e-04
-1.061121173949064754e-04 1.438721597438826665e-04 8.828175543912781522e-04
-1.070201529239242310e-04 1.440995972682893955e-04 8.831693186103152689e-04
-1.079242994670672520e-04 1.443316862942787692e-04 8.835279936474869358e-04
-1.088243584455058754e-04 1.445672375957476419e-04 8.838946015121100638e-04
-1.097196260871408828e-04 1.448058502446949016e-04 8.842708314322755012e-04
-1.106092201738845607e-04 1.450471101954390457e-04 8.846586399370500462e-04
-1.114910657180914711e-04 1.452907283490790060e-04 8.850623354026053652e-04
-1.123637522907738325e-04 1.455358280645009151e-04 8.854846098958497197e-04
-1.132269886504598283e-04 1.457815411084009715e-04 8.859255320993778774e-04
-1.140793458311451235e-04 1.460272220023894158e-04 8.863871422382584801e-04
-1.149191931833830972e-04 1.462721481639598861e-04 8.868715113704523983e-04
-1.157443928474808455e-04 1.465154567483700038e-04 8.873811632961457231e-04
-1.165493538143395734e-04 1.467555551404897706e-04 8.879236658620779212e-04
-1.173353322981199971e-04 1.469919620727748151e-04 8.884948842854625438e-04
-1.181045201992898732e-04 1.472249033880260595e-04 8.890899056871071505e-04
-1.188599140799053089e-04 1.474548777159954938e-04 8.897034792364949323e-04
-1.196053031868798895e-04 1.476826039236720032e-04 8.903300007361891538e-04
-1.203449290960168763e-04 1.479089157617187152e-04 8.909638273395958539e-04
-1.210837890543101374e-04 1.481348006298316530e-04 8.915986950063521221e-04
-1.218284978809639548e-04 1.483615705660476264e-04 8.922263599636755986e-04
-1.225844709941949706e-04 1.485903184793000461e-04 8.928396529817578383e-04
-1.233572877732501264e-04 1.488220943292714235e-04 8.934303587711783096e-04
-1.241526352285438517e-04 1.490578930873731720e-04 8.939886083380129593e-04
-1.249758604527488896e-04 1.492985211837905620e-04 8.945025213384388179e-04
-1.258311683053470306e-04 1.495443839917099467e-04 8.949581069710209683e-04
-1.267204416248309494e-04 1.497952056754580405e-04 8.953397679448199184e-04
-1.276419016457406609e-04 1.500497728139224475e-04 8.956319028227353310e-04
-1.285890239038182405e-04 1.503060354316924723e-04 8.958230471540555269e-04
-1.295510797939584892e-04 1.505622521993785136e-04 8.959138447432243987e-04
-1.305175345206300934e-04 1.508183336865823176e-04 8.959183807338758467e-04
-1.314816344688117685e-04 1.510752340097091520e-04 8.958530707867110770e-04
-1.324395536254207727e-04 1.513344504386850608e-04 8.957305508605620985e-04
-1.333888332247979596e-04 1.515984234475470946e-04 8.955599446965498102e-04
-1.343303133130783859e-04 1.518685322343018684e-04 8.953584306764173417e-04
-1.352643654472433061e-04 1.521462758730826549e-04 8.951339873300023656e-04
-1.361915662768458605e-04 1.524330946363614057e-04 8.948931276217878244e-04
-1.371124659628949213e-04 1.527306544107424565e-04 8.946413741350772502e-04
-1.380268594877873882e-04 1.530432436912780992e-04 8.943841808261988706e-04
-1.389359079193543871e-04 1.533729646318237542e-04 8.941294497711319228e-04
-1.398405924879552256e-04 1.537200716121268581e-04 8.938824214386967976e-04
-1.407409234873402393e-04 1.540866441639692104e-04 8.936479643136660458e-04
-1.416365152989830598e-04 1.544753644446042158e-04 8.934318873937441849e-04
-1.425257471267503406e-04 1.548927589660479209e-04 8.932451808820902070e-04
-1.434067677834724897e-04 1.553419274894407478e-04 8.930974244061806950e-04
-1.442774297546086640e-04 1.558224569554870261e-04 8.929938227340312052e-04
-1.451333830990161682e-04 1.563366826579129206e-04 8.929438670488662900e-04
-1.459685306420713897e-04 1.568860280444333817e-04 8.929577137542145816e-04
-1.467749467034971857e-04 1.574702750898786870e-04 8.930452008485298366e-04
-1.475426541935102268e-04 1.580871749448598202e-04 8.932154415698360808e-04
-1.482547974040370950e-04 1.587346474267253783e-04 8.934849682694146790e-04
-1.489053731488041040e-04 1.594017620556743560e-04 8.938466923045586309e-04
-1.494917240169142073e-04 1.600787629015321708e-04 8.942906770238973979e-04
-1.500142517017430432e-04 1.607577479645366943e-04 8.948058194630493199e-04
-1.504751223816413184e-04 1.614325697472264573e-04 8.953813391960047238e-04
-1.508559801963345857e-04 1.620950392655131896e-04 8.960260867600579760e-04
-1.511850115386949907e-04 1.627455120181641693e-04 8.967105291932204927e-04
-1.514750649585382863e-04 1.633850629327051847e-04 8.974219650723261159e-04
-1.516951317212305791e-04 1.640016964359089871e-04 8.981777983348781342e-04
-1.518923062154731054e-04 1.646096387163612092e-04 8.989467151572713699e-04
-1.520425885207582690e-04 1.651986905083835443e-04 8.997406788138990813e-04
-1.521697952475626388e-04 1.657775556759580554e-04 9.005460033385755169e-04
