# first line: diameter, stdev on diameter, fiber length; other lines: x, y, z coordinates
1.699999999999999987e-05 3.348045692279133470e-06 1.270894107373743203e-03
-1.288966406458582020e-04 -3.288102986078566398e-05 1.037738478231346306e-03
-1.288182294389453807e-04 -3.333038975405417975e-05 1.038628381211754645e-03
-1.287348251982660602e-04 -3.377151600579797160e-05 1.039521942123901093e-03
-1.286459803933504454e-04 -3.420471049938359723e-05 1.040418852689180100e-03
-1.285512501301539444e-04 -3.463047089596275869e-05 1.041318715480841301e-03
-1.284490999815683968e-04 -3.504871174367387262e-05 1.042221288836890246e-03
-1.283419916385013172e-04 -3.546125420926892179e-05 1.043125850575279696e-03
-1.283007976089793536e-04 -3.587595396426393837e-05 1.044034803375619175e-03
-1.281809251152987478e-04 -3.628015328769799665e-05 1.044941585108299454e-03
-1.280584670384185043e-04 -3.668179746667958889e-05 1.045849156508367418e-03
-1.279341472209822163e-04 -3.708285509201981680e-05 1.046756734145057495e-03
-1.278077321807826014e-04 -3.748459979877265637e-05 1.047663718144282649e-03
-1.276788886477622483e-04 -3.788817205056150839e-05 1.048569548033278544e-03
-1.275464851636581376e-04 -3.829402614982024757e-05 1.049473843488020518e-03
-1.274110732492141117e-04 -3.870368606935441582e-05 1.050375974397187596e-03
-1.272725672738842222e-04 -3.911803292742401222e-05 1.051275490892243257e-03
-1.271307330195693165e-04 -3.953762787163494423e-05 1.052172050879938590e-03
-1.269847123020629166e-04 -3.996234482265687276e-05 1.053065521531818980e-03
-1.268356066894206263e-04 -4.039002908627936948e-05 1.053957013169579907e-03
-1.266913193514341695e-04 -4.078788796950041381e-05 1.054862976807728180e-03
-1.265367265534157206e-04 -4.121985364184292878e-05 1.055751518383698986e-03
-1.263793642157046376e-04 -4.165061441084951156e-05 1.056640158783580001e-03
-1.262194496975943536e-04 -4.208025395279985992e-05 1.057528886443888849e-03
-1.260573008767647762e-04 -4.250891972536227599e-05 1.058417679470176386e-03
-1.258928424768021408e-04 -4.293645715791966430e-05 1.059306591508743555e-03
-1.257260480634775910e-04 -4.336167672510717888e-05 1.060196170892734437e-03
-1.255636725069942967e-04 -4.377325540957465019e-05 1.061092956662667945e-03
-1.253922114366947803e-04 -4.419407671651355091e-05 1.061983748394600049e-03
-1.252189753914257969e-04 -4.461206069457588339e-05 1.062875531955987524e-03
-1.250436514792768858e-04 -4.502688803394118075e-05 1.063768380655127519e-03
-1.248657459621884682e-04 -4.543811765507239225e-05 1.064662382416837203e-03
-1.246858969900029751e-04 -4.584619485055365512e-05 1.065557439206472152e-03
-1.245040319728083248e-04 -4.625104607078363029e-05 1.066453552975975532e-03
-1.243165392312873012e-04 -4.665300681683195208e-05 1.067349642795508650e-03
-1.240590400797635768e-04 -4.706102689724054060e-05 1.068225064490519599e-03
-1.239451396244501649e-04 -4.749080807182540350e-05 1.069120653486405840e-03
-1.237427422316439126e-04 -4.788529572011676958e-05 1.070016987549733418e-03
-1.235392161317476825e-04 -4.828013810609585319e-05 1.070912909723770743e-03
-1.233339528583634400e-04 -4.867476802040955299e-05 1.071808529165872411e-03
-1.231274951346671013e-04 -4.906951864353473614e-05 1.072703820812893286e-03
-1.229200918251296081e-04 -4.946447763987145413e-05 1.073598801953573687e-03
-1.227117574611951236e-04 -4.985953348621145650e-05 1.074493524057020801e-03
-1.225020680611296222e-04 -5.025421069176602592e-05 1.075388096712102991e-03
-1.222910080748577434e-04 -5.064835082123328355e-05 1.076282583846464250e-03
-1.220790075745507494e-04 -5.104214945145240403e-05 1.077176998975659791e-03
-1.218660252583848223e-04 -5.143541777422516508e-05 1.078071414180866144e-03
-1.216518390368644863e-04 -5.182781512203425228e-05 1.078965924426728397e-03
-1.214358624693676308e-04 -5.221869949569633802e-05 1.079860666564240413e-03
-1.212187154050691461e-04 -5.260841445309381479e-05 1.080755635487326040e-03
-1.210003129265789908e-04 -5.299673260935705522e-05 1.081650906010127571e-03
-1.207805559370476778e-04 -5.338341897713746250e-05 1.082546551265004117e-03
-1.205586197443427385e-04 -5.376764204821316776e-05 1.083442719036873444e-03
-1.203350012957623855e-04 -5.414967037349850611e-05 1.084339406785088606e-03
-1.201096982508456640e-04 -5.452937132520386740e-05 1.085236661173823430e-03
-1.198888367637031418e-04 -5.491000344423047731e-05 1.086134624719125273e-03
-1.196601943706949843e-04 -5.528449982164451661e-05 1.087033218408674446e-03
-1.194299516924765591e-04 -5.565619175926743146e-05 1.087932569845368380e-03
-1.191985955281787924e-04 -5.602534375562034322e-05 1.088832681364874325e-03
-1.189659431623627954e-04 -5.639176606278612549e-05 1.089733573751600114e-03
-1.187316210577973787e-04 -5.675513011161193583e-05 1.090635271631569840e-03
-1.184949325422202506e-04 -5.711484958575007445e-05 1.091537812163777266e-03
-1.182562004778163689e-04 -5.747124172129289683e-05 1.092441134268767097e-03
-1.179547537731843348e-04 -5.782084054989979635e-05 1.093328072294775600e-03
-1.177581684502822262e-04 -5.821823525920324249e-05 1.094223876097701401e-03
-1.175058068964600019e-04 -5.856805833296094456e-05 1.095125763314674884e-03
-1.172456980693870781e-04 -5.891385911199320519e-05 1.096027297899994021e-03
-1.169828011417993973e-04 -5.925977279734163890e-05 1.096927980044393658e-03
-1.167170608093297946e-04 -5.960567246935297815e-05 1.097827832729998242e-03
-1.164481184685815367e-04 -5.995111964168547725e-05 1.098726907493260399e-03
-1.161758999941046644e-04 -6.029589356966254970e-05 1.099625254385677361e-03
-1.159007785877637175e-04 -6.064014685466029075e-05 1.100522916447094907e-03
-1.156228329379119875e-04 -6.098373386127343510e-05 1.101419963524352501e-03
-1.153467605381242077e-04 -6.133056636985358785e-05 1.102316339334532798e-03
-1.150637035658963854e-04 -6.167250976548762254e-05 1.103212411183361781e-03
-1.147784223632555264e-04 -6.201350719127032341e-05 1.104108142798288731e-03
-1.144916641407180054e-04 -6.235391254572381797e-05 1.105003627954335684e-03
-1.142035563987889849e-04 -6.269351379715605685e-05 1.105898985238316186e-03
-1.139138011937229704e-04 -6.303168835009439954e-05 1.106794350722542291e-03
-1.136227184551477550e-04 -6.336838508327313746e-05 1.107689842613775438e-03
-1.133306392708878133e-04 -6.370356513760129036e-05 1.108585579017197075e-03
-1.130377000536147226e-04 -6.403701135205636325e-05 1.109481681560218471e-03
-1.127438259909363213e-04 -6.436831415812916226e-05 1.110378272746648807e-03
-1.124488716371605250e-04 -6.469700716094267700e-05 1.111275469349839486e-03
-1.121532768926774691e-04 -6.502320422841780488e-05 1.112173365968535145e-03
-1.118571754854800527e-04 -6.534675179104388156e-05 1.113072053832185561e-03
-1.115606194300316638e-04 -6.566744676489856113e-05 1.113971613727938320e-03
-1.112631548327537231e-04 -6.598462379158926186e-05 1.114872119980990462e-03
-1.109651615850458186e-04 -6.629846626990696995e-05 1.115773619454152928e-03
-1.106667743250227756e-04 -6.660896145412570195e-05 1.116676147054515740e-03
-1.103679860224968557e-04 -6.691600216201093454e-05 1.117579723127564827e-03
-1.100372554981949653e-04 -6.724970096815475649e-05 1.118462234591228359e-03
-1.097185057242133972e-04 -6.755093634464582318e-05 1.119360669638420902e-03
-1.094057908988940926e-04 -6.784671909454302651e-05 1.120263287728155352e-03
-1.090905101331810596e-04 -6.814261292105536650e-05 1.121164976513415934e-03
-1.087715880926711518e-04 -6.843783220686487135e-05 1.122065605244749065e-03
-1.084487727351973247e-04 -6.873193597106779754e-05 1.122965211001895718e-03
-1.081225748598700528e-04 -6.902522624814665250e-05 1.123863862185762357e-03
-1.077932733629710291e-04 -6.931773037544068346e-05 1.124761637333759499e-03
-1.074610721149562930e-04 -6.960936503914797455e-05 1.125658626789224556e-03
-1.071258692446116351e-04 -6.989969413860685316e-05 1.126554922632198820e-03
-1.067880289833910264e-04 -7.018874577375622606e-05 1.127450641224453419e-03
-1.064479839183872414e-04 -7.047660454183385045e-05 1.128345909738493955e-03
-1.061060283098266816e-04 -7.076319728088418788e-05 1.129240856732593827e-03
-1.057622964920802852e-04 -7.104827173212624936e-05 1.130135608137493482e-03
-1.054168690407994278e-04 -7.133151270670738328e-05 1.131030288726887333e-03
-1.050702763401648710e-04 -7.161309634041456199e-05 1.131925042072879457e-03
-1.047228657663250366e-04 -7.189301295363761761e-05 1.132820001284666695e-03
-1.043748987400326862e-04 -7.217117570641980227e-05 1.133715291084848699e-03
-1.040271161080352807e-04 -7.244905324618900334e-05 1.134610741409614347e-03
-1.036744403397901949e-04 -7.271962842179735325e-05 1.135506501466269870e-03
-1.033237869334121102e-04 -7.298995829625079914e-05 1.136403139168370427e-03
-1.029739923199443597e-04 -7.325901835640076130e-05 1.137300496029602318e-03
-1.026239604207939158e-04 -7.352549172164906028e-05 1.138198531806440886e-03
-1.022738704110967290e-04 -7.378935059215726926e-05 1.139097316627892030e-03
-1.019241256124893587e-04 -7.405085654468688714e-05 1.139996923270273927e-03
-1.015749799886036945e-04 -7.431014059808487644e-05 1.140897405370265225e-03
-1.012265673534920097e-04 -7.456723585401195896e-05 1.141798798480586196e-03
-1.008798643143989766e-04 -7.485892890629952993e-05 1.142690028206291711e-03
-1.004874848569797493e-04 -7.507840122733521208e-05 1.143581619775101317e-03
-1.001208653668459679e-04 -7.531292794972125433e-05 1.144481298560455365e-03
-9.976562361434027960e-05 -7.555989607865113973e-05 1.145382856787235254e-03
-9.940719375670713600e-05 -7.580444808814000568e-05 1.146283811368015203e-03
-9.904585964175990063e-05 -7.604684161062898976e-05 1.147184189453404014e-03
-9.868198545109199758e-05 -7.628741758902763033e-05 1.148084032217562122e-03
-9.831582895196171645e-05 -7.652637715987431455e-05 1.148983379914043706e-03
-9.794751111227404815e-05 -7.676374080347708436e-05 1.149882267593589939e-03
-9.757713714014830874e-05 -7.699949347756885232e-05 1.150780734328062018e-03
-9.720144294910230357e-05 -7.722850986820219686e-05 1.151678722720136721e-03
-9.682590866825409336e-05 -7.745871789992145144e-05 1.152576482642810908e-03
-9.644970704561060153e-05 -7.768865612204973634e-05 1.153474034485840651e-03
-9.607161693741217651e-05 -7.791633472672119826e-05 1.154371368597753404e-03
-9.569210060971574013e-05 -7.814216767731030789e-05 1.155268567561326155e-03
-9.531155812462825617e-05 -7.836649789670560985e-05 1.156165709009583480e-03
-9.493028056971625098e-05 -7.858953755272420571e-05 1.157062860249893172e-03
-9.454838683394970952e-05 -7.881128087886629609e-05 1.157960070731737937e-03
-9.416615194266947126e-05 -7.903193114767427475e-05 1.158857405522408521e-03
-9.378398384536465362e-05 -7.925187743658038781e-05 1.159754941643383530e-03
-9.340218354178892932e-05 -7.947138175546736511e-05 1.160652742454690908e-03
-9.302093099311434775e-05 -7.969055772246234741e-05 1.161550856187820203e-03
-9.264027841251212770e-05 -7.990935755470623080e-05 1.162449316043636651e-03
-9.226057253097231234e-05 -8.012814198661893028e-05 1.163348180067519735e-03
-9.188206471493119373e-05 -8.034716085942565525e-05 1.164247492132221024e-03
-9.150489293877857907e-05 -8.056652797389028914e-05 1.165147280470531189e-03
-9.112895042307799279e-05 -8.078603679461147458e-05 1.166047548637440300e-03
-9.075404134409053734e-05 -8.100898548615304430e-05 1.166947399695387024e-03
-9.035144063661503476e-05 -8.117561121647568780e-05 1.167846543596570046e-03
-8.996403070288512083e-05 -8.136749528109958900e-05 1.168747525908053579e-03
-8.958661106137195908e-05 -8.157676990172290667e-05 1.169649608304139518e-03
-8.920728636916144501e-05 -8.178119344987776164e-05 1.170552004090848371e-03
-8.882624209641324904e-05 -8.198106110607098168e-05 1.171454696426943399e-03
-8.844360583039025591e-05 -8.217660759919626469e-05 1.172357661930391315e-03
-8.805943483425316375e-05 -8.236798565570998382e-05 1.173260869000302895e-03
-8.767366468577374617e-05 -8.255518156884083896e-05 1.174164270788281448e-03
-8.728652671191621968e-05 -8.273864492324785509e-05 1.175067853890543685e-03
-8.689821518572826578e-05 -8.291879556664088027e-05 1.175971600224104191e-03
-8.650884807767948628e-05 -8.309596302085544607e-05 1.176875482388773644e-03
-8.611838999288717769e-05 -8.327025654334260709e-05 1.177779452650523943e-03
-8.572701850065802425e-05 -8.344213791931582495e-05 1.178683490239660313e-03
-8.533495110669805830e-05 -8.361215720274333416e-05 1.179587578670770760e-03
-8.494232640707766408e-05 -8.378076370674786689e-05 1.180491689992772429e-03
-8.454917918217671167e-05 -8.394825627039406908e-05 1.181395781365355028e-03
-8.415557244675771719e-05 -8.411499179466783789e-05 1.182299812822968157e-03
-8.376170905743329190e-05 -8.428157315744594456e-05 1.183203760980104094e-03
-8.336773446594295575e-05 -8.444852294150830842e-05 1.184107592673457185e-03
-8.297372082746139329e-05 -8.461624930641359820e-05 1.185011263485706264e-03
-8.257961348172766791e-05 -8.478494190812585669e-05 1.185914713525303881e-03
-8.218557924993546580e-05 -8.495516671103857159e-05 1.186817907761946941e-03
-8.179175162442032653e-05 -8.512742905024784452e-05 1.187720805564269119e-03
-8.139818162848103599e-05 -8.530208182291894152e-05 1.188623356204920141e-03
-8.100478935194394188e-05 -8.547922516942176301e-05 1.189525498853470338e-03
-8.061163823281298536e-05 -8.565918749294845465e-05 1.190427188244980346e-03
-8.021744014485936950e-05 -8.584673774958954560e-05 1.191326860194987436e-03
-7.981710953151650476e-05 -8.599221873355039592e-05 1.192231055611986780e-03
-7.942044416671982445e-05 -8.615702306581684341e-05 1.193133640771981349e-03
-7.902632343035056127e-05 -8.634107379021507345e-05 1.194034081714755256e-03
-7.863150797622557695e-05 -8.652453264525391283e-05 1.194934339151114671e-03
-7.823603678028452114e-05 -8.670757312856021708e-05 1.195834393914766260e-03
-7.783989747455017315e-05 -8.689025187543481898e-05 1.196734228337206210e-03
-7.744299318073205477e-05 -8.707242834400019855e-05 1.197633827406842507e-03
-7.704540655799375101e-05 -8.725429095365234034e-05 1.198533188715697907e-03
-7.666461537859956888e-05 -8.742509635446532449e-05 1.199441804351179071e-03
-7.627625099106575342e-05 -8.759739999176462653e-05 1.200346961384738016e-03
-7.588248909377493683e-05 -8.777302046793751338e-05 1.201249239605352639e-03
-7.549245971705740557e-05 -8.794614945174736569e-05 1.202153615540898710e-03
-7.510613180492605909e-05 -8.811577661609085947e-05 1.203060241654389144e-03
-7.472310620273858880e-05 -8.828219875862627648e-05 1.203968861459548366e-03
-7.434280295738274072e-05 -8.844565011473520951e-05 1.204879163226112593e-03
-7.396456385605219342e-05 -8.860647737556961447e-05 1.205790792175944837e-03
-7.358772960145109872e-05 -8.876526824303361497e-05 1.206703360103588384e-03
-7.321155507153051523e-05 -8.892258441036786354e-05 1.207616455881951661e-03
-7.283522350343906674e-05 -8.907890861575017453e-05 1.208529657446952201e-03
-7.245786273306969115e-05 -8.923458272148527507e-05 1.209442545131248110e-03
-7.207874179680340938e-05 -8.939023336432266745e-05 1.210354706937128268e-03
-7.169716740352496292e-05 -8.954643004838607520e-05 1.211265751140936124e-03
-7.131248193575646368e-05 -8.970359735114123993e-05 1.212175318224870081e-03
-7.092875456535177993e-05 -8.985751205968468347e-05 1.213085842311691564e-03
-7.053905168261447001e-05 -9.001463601615045400e-05 1.213993256715382258e-03
-7.014337263948825895e-05 -9.017547006270578347e-05 1.214897450031702597e-03
-6.975814485955328598e-05 -9.032829825286360225e-05 1.215807460843243079e-03
-6.936440108486393848e-05 -9.048432131601314018e-05 1.216713259267674947e-03
-6.896385619659328942e-05 -9.063997808147755545e-05 1.217616213723824370e-03
-6.856298796419919145e-05 -9.079611249733653589e-05 1.218518944911875772e-03
-6.816165702672888089e-05 -9.095272747829718563e-05 1.219421388788046942e-03
-6.775979573883751997e-05 -9.110841097797607959e-05 1.220323757838692562e-03
-6.735720721101170799e-05 -9.126324846107198522e-05 1.221225948245174917e-03
-6.695377460454212380e-05 -9.141756738817483714e-05 1.222127850446578330e-03
-6.654939667978400743e-05 -9.157165193678422843e-05 1.223029369269603654e-03
-6.614398269821684755e-05 -9.172567761146716090e-05 1.223930432694066150e-03
-6.573744830073825827e-05 -9.187961492088735451e-05 1.224831006254403038e-03
-6.532980173239073287e-05 -9.203363342165199435e-05 1.225731063053848904e-03
-6.492353034866047031e-05 -9.218517436569192817e-05 1.226632158762730029e-03
-6.451390904608695124e-05 -9.233913482248557120e-05 1.227531318262518141e-03
-6.410320958107507561e-05 -9.249353684809532628e-05 1.228429919532258562e-03
-6.369284676312882501e-05 -9.264685577137353088e-05 1.229328860895472116e-03
-6.328234921583075388e-05 -9.279962794651373348e-05 1.230227833844193533e-03
-6.287188975580832568e-05 -9.295182361029737876e-05 1.231126921951410319e-03
-6.246876268659478672e-05 -9.309474728120098973e-05 1.232030792687697661e-03
-6.204603943257204382e-05 -9.325080867823898648e-05 1.232923218647686029e-03
-6.162614515668468228e-05 -9.340577825483174518e-05 1.233817353911645766e-03
-6.121266103343658924e-05 -9.355529152461882489e-05 1.234715505382639978e-03
-6.079794758370630581e-05 -9.370414868447550776e-05 1.235613199022625626e-03
-6.038230596856328963e-05 -9.385213017426110899e-05 1.236510608155400514e-03
-5.996606336180334765e-05 -9.399924645893258676e-05 1.237407881073191883e-03
-5.954955341235421379e-05 -9.414554591865876296e-05 1.238305163510819993e-03
-5.913310548026400672e-05 -9.429101627491127805e-05 1.239202609510378812e-03
-5.871704428995918565e-05 -9.443556636496139897e-05 1.240100383456919485e-03
-5.829801515029471153e-05 -9.457955055550623115e-05 1.240996863772620773e-03
-5.788016092471663513e-05 -9.472365345297094038e-05 1.241893873950515245e-03
-5.746363407097685767e-05 -9.486807994168090666e-05 1.242791451989470192e-03
-5.704713266590834703e-05 -9.501271247946978151e-05 1.243689008671916780e-03
-5.663100247367208544e-05 -9.515733559550637827e-05 1.244586739002880808e-03
-5.621557460305192354e-05 -9.530188892712684141e-05 1.245484805723536979e-03
-5.580116991713547311e-05 -9.544627230164544568e-05 1.246383372261511977e-03
-5.538809149841185310e-05 -9.559029940604905082e-05 1.247282606264558035e-03
-5.497662248143182111e-05 -9.573359829413678073e-05 1.248182693841530478e-03
-5.455329681587908969e-05 -9.588433267498962589e-05 1.249075965182744807e-03
-5.413510924659896596e-05 -9.603217016177066515e-05 1.249972146379111759e-03
-5.372243446255661400e-05 -9.617676885590604725e-05 1.250871474064457365e-03
-5.330887111683060506e-05 -9.632176539828132334e-05 1.251770329542637892e-03
-5.289469090375015101e-05 -9.646680324217493001e-05 1.252668894342912845e-03
-5.248016430380805254e-05 -9.661164418471734233e-05 1.253567331189494368e-03
-5.206287512494425540e-05 -9.675900374995157513e-05 1.254464073165156715e-03
-5.164619453061497105e-05 -9.690503557064971893e-05 1.255361316276633115e-03
-5.123036959876677574e-05 -9.704929735646150113e-05 1.256259246158296459e-03
-5.081446543002158200e-05 -9.719289296062029644e-05 1.257157246106828559e-03
-5.039879336621184552e-05 -9.733551707837558920e-05 1.258055508192566481e-03
-4.998366678973815557e-05 -9.747678679819971222e-05 1.258954236263606398e-03
-4.956940335744034989e-05 -9.761612874827337656e-05 1.259853662889236139e-03
-4.915627247676927818e-05 -9.775327411350595238e-05 1.260753947526219252e-03
-4.874450704640472009e-05 -9.788804134916718168e-05 1.261655216071178942e-03
-4.833430940575712717e-05 -9.802019681010025367e-05 1.262557585372203273e-03
-4.792585009154760341e-05 -9.814941622707076590e-05 1.263461167247567369e-03
-4.751645788536047038e-05 -9.827021090509553160e-05 1.264365478214403773e-03
-4.710229356333726490e-05 -9.839950913032339489e-05 1.265266401500907741e-03
-4.669283605204078920e-05 -9.852482458083493527e-05 1.266170038690230112e-03
-4.628614170692892327e-05 -9.864390378379489803e-05 1.267075808436023089e-03
-4.587875173508021421e-05 -9.876083426884927166e-05 1.267981545424548030e-03
-4.547073946551829458e-05 -9.887583423145006475e-05 1.268887249686119446e-03
-4.506220222323628112e-05 -9.898912681630616479e-05 1.269792932548777405e-03
-4.465326687708200538e-05 -9.910085057568198698e-05 1.270698630703248535e-03
-4.424409928412151110e-05 -9.921093390075546919e-05 1.271604424773319997e-03
-4.383484666475445380e-05 -9.931959806373642200e-05 1.272510351937421831e-03
-4.342565324098426644e-05 -9.942715673000828000e-05 1.273416437826283779e-03
-4.301667588438672340e-05 -9.953381727295295084e-05 1.274322727442871389e-03
-4.260808486806906380e-05 -9.963962690275555013e-05 1.275229290998055199e-03
-4.220004079521264239e-05 -9.974464002159871996e-05 1.276136193442581595e-03
-4.179266397269407559e-05 -9.984915346147386060e-05 1.277043453548237220e-03
-4.138606496872584034e-05 -9.995338070002045489e-05 1.277951095404878052e-03
-4.098034496677447643e-05 -1.000574123684114253e-04 1.278859152927327731e-03
-4.057561252050005652e-05 -1.001610345801266772e-04 1.279767697772163414e-03
-4.016409146111081052e-05 -1.002537487977123295e-04 1.280674324783144915e-03
-3.975697106169955329e-05 -1.003510435417602194e-04 1.281582459486713295e-03
-3.935294955436989902e-05 -1.004511322382464533e-04 1.282491715749182765e-03
-3.894801319721870894e-05 -1.005482457140258271e-04 1.283400887510648168e-03
-3.854223884092623510e-05 -1.006424822871133522e-04 1.284309988599684291e-03
-3.813571500994624965e-05 -1.007341439998810583e-04 1.285219018330652739e-03
-3.772856871166128923e-05 -1.008234658760559337e-04 1.286128002536323679e-03
-3.732096714297259565e-05 -1.009105648388756716e-04 1.287036998487585231e-03
-3.691310698280716562e-05 -1.009954889602056218e-04 1.287946084262704986e-03
-3.649893724008912232e-05 -1.010805775134948858e-04 1.288852285231793533e-03
-3.608784383691439459e-05 -1.011634097183218448e-04 1.289760093338308692e-03
-3.567941729298232249e-05 -1.012444511998994998e-04 1.290669279722229902e-03
-3.527079799730724400e-05 -1.013245908136176955e-04 1.291578459408872313e-03
-3.486217110148845914e-05 -1.014042131154992946e-04 1.292487681234840173e-03
-3.445371052648649380e-05 -1.014837195861764023e-04 1.293396987930047924e-03
-3.404559771042480496e-05 -1.015633222323598982e-04 1.294306442327123772e-03
-3.363802381455317249e-05 -1.016429806512411199e-04 1.295216133461514919e-03
-3.323114663418161801e-05 -1.017227187890677623e-04 1.296126129419226079e-03
-3.281814846886071691e-05 -1.017870441801563253e-04 1.297034511898732898e-03
-3.241279970195613206e-05 -1.018631783891836437e-04 1.297945367056405671e-03
-3.200917894588988969e-05 -1.019425691163260947e-04 1.298856829570826021e-03
-3.160405164381584219e-05 -1.020170035467865582e-04 1.299768053635882818e-03
-3.119914301420248785e-05 -1.020887587049453752e-04 1.300679590142301677e-03
-3.079450147831478302e-05 -1.021580802804314793e-04 1.301591433572909942e-03
-3.039019137749659886e-05 -1.022250822916045927e-04 1.302503597420997649e-03
-2.998631134553122552e-05 -1.022896025478095761e-04 1.303416130445865431e-03
-2.958291122008573727e-05 -1.023518454776200403e-04 1.304329034100499456e-03
-2.918001520515052212e-05 -1.024121889155759941e-04 1.305242288002714419e-03
-2.877766063112488379e-05 -1.024708753795231138e-04 1.306155888598277024e-03
-2.837590540501256880e-05 -1.025279532275743237e-04 1.307069854776826690e-03
-2.797481121247829137e-05 -1.025834024368509913e-04 1.307984211445546502e-03
-2.757437869427726163e-05 -1.026376182493093188e-04 1.308898932216169455e-03
-2.717461429584332687e-05 -1.026908995202620225e-04 1.309814000103067151e-03
-2.677553741891184591e-05 -1.027433920934349654e-04 1.310729413630234508e-03
-2.637722052961694565e-05 -1.027947900572493371e-04 1.311645220044649557e-03
-2.597964916309643976e-05 -1.028453769396803512e-04 1.312561395659513032e-03
-2.557875893270682814e-05 -1.028805407404571084e-04 1.313476784214241558e-03
-2.518886699485458833e-05 -1.029336138449725587e-04 1.314395910727758285e-03
-2.479823479066481774e-05 -1.029861849052304834e-04 1.315314905527808272e-03
-2.440563370295363143e-05 -1.030318056924474070e-04 1.316233481398926134e-03
-2.401436438391643636e-05 -1.030744198873033353e-04 1.317152768757580200e-03
-2.362467152585746256e-05 -1.031160443411774244e-04 1.318072772064186231e-03
-2.323641524404558881e-05 -1.031563986720835182e-04 1.318993438841199566e-03
-2.284939000280117297e-05 -1.031944528719691751e-04 1.319914721440553938e-03
-2.246340059558155978e-05 -1.032304214899044741e-04 1.320836522609856794e-03
-2.207824444772940695e-05 -1.032644627864831458e-04 1.321758745442245826e-03
-2.169373409543523098e-05 -1.032965525105292664e-04 1.322681307693921804e-03
-2.130973155240127972e-05 -1.033262858448578405e-04 1.323604160067497594e-03
-2.092603023371775362e-05 -1.033537297723779286e-04 1.324527208867685123e-03
-2.054240479291762430e-05 -1.033791074737315752e-04 1.325450348405614841e-03
-2.015866406647115328e-05 -1.034024655022783632e-04 1.326373493335276758e-03
-1.977466622951357466e-05 -1.034236060427277639e-04 1.327296584639294169e-03
-1.939028814932360108e-05 -1.034423247823750561e-04 1.328219569863506918e-03
-1.900535717107263724e-05 -1.034588886104300688e-04 1.329142366056085788e-03
-1.861928542703129315e-05 -1.034695392219000496e-04 1.330064765955551748e-03
-1.823999859239437498e-05 -1.034972106868398297e-04 1.330989518983818030e-03
-1.785792263309711147e-05 -1.035184704088188117e-04 1.331913331790375880e-03
-1.747333714980987111e-05 -1.035330252763431655e-04 1.332836306243874230e-03
-1.708929605856396121e-05 -1.035484687230758610e-04 1.333759492966827415e-03
-1.670566942701206021e-05 -1.035645701297819264e-04 1.334682840813303109e-03
-1.632236554389606328e-05 -1.035806789252634015e-04 1.335606322595470118e-03
-1.593923303683913837e-05 -1.035964091870047570e-04 1.336529882012460176e-03
-1.555607176999890129e-05 -1.036116063715816841e-04 1.337453438407195262e-03
-1.517270606753287912e-05 -1.036259059378584067e-04 1.338376924198972839e-03
-1.479570282973339379e-05 -1.036366475715016117e-04 1.339303059028917192e-03
-1.441541620796783859e-05 -1.036458939204375787e-04 1.340227869974277338e-03
-1.403224131646629803e-05 -1.036532688829317942e-04 1.341151515465242167e-03
-1.364900379580520688e-05 -1.036576002626251285e-04 1.342075153952574295e-03
-1.326558090166383556e-05 -1.036584732357840314e-04 1.342998724926844660e-03
-1.288196396559109867e-05 -1.036550347858426323e-04 1.343922208319828617e-03
-1.249804056975546415e-05 -1.036472565158559931e-04 1.344845538432994699e-03
-1.211371183969087990e-05 -1.036351925841483420e-04 1.345768653714813409e-03
-1.172894225821328822e-05 -1.036187283235622366e-04 1.346691517202516829e-03
-1.134795419432857010e-05 -1.036138209101587369e-04 1.347616038493932265e-03
-1.096532178901552613e-05 -1.035991182495232327e-04 1.348539758640852990e-03
-1.058150772312701555e-05 -1.035768798509333885e-04 1.349462901128660897e-03
-1.019822293093167610e-05 -1.035539307921627764e-04 1.350386246094234044e-03
-9.815496792562015350e-06 -1.035300713411199349e-04 1.351309799633336950e-03
-9.433414650207154359e-06 -1.035049127505089132e-04 1.352233585175912278e-03
-9.051903690948075656e-06 -1.034785855237915352e-04 1.353157574333994440e-03
-8.670909672107853341e-06 -1.034511044362493580e-04 1.354081743136391217e-03
-8.290422141687913595e-06 -1.034223078988494288e-04 1.355006080487922062e-03
-7.910573802145594543e-06 -1.033916470627706062e-04 1.355930620430515323e-03
-7.531297603745625409e-06 -1.033591543921623959e-04 1.356855332872600487e-03
-7.152516831979031476e-06 -1.033248694243875073e-04 1.357780183618248482e-03
-6.774217476480642655e-06 -1.032886555291882277e-04 1.358705157816309048e-03
-6.396496827631390331e-06 -1.032501499135463416e-04 1.359630275688829965e-03
-6.019370765706358625e-06 -1.032092319110762877e-04 1.360555532595430052e-03
-5.642758879100498780e-06 -1.031660092442291288e-04 1.361480894225582453e-03
-5.266632870038794658e-06 -1.031204881045009520e-04 1.362406343228244037e-03
-4.891052557406820836e-06 -1.030725378873408201e-04 1.363331891078288375e-03
-4.516749701052068885e-06 -1.030277188187102175e-04 1.364258109814274131e-03
-4.142810580923844658e-06 -1.029785625640761224e-04 1.365184250597504308e-03
-3.769267874368133852e-06 -1.029259766923351708e-04 1.366110371666679011e-03
-3.396385411922506035e-06 -1.028723521162834781e-04 1.367036699224769307e-03
-3.024379246980332744e-06 -1.028174346709748339e-04 1.367963303154950830e-03
-2.653155879321050477e-06 -1.027614288624230599e-04 1.368890156031879902e-03
-2.282635567683973517e-06 -1.027044986326008919e-04 1.369817233888699377e-03
-1.912826427905216453e-06 -1.026466711305837169e-04 1.370744540144379874e-03
-1.543892547363405210e-06 -1.025878041139964705e-04 1.371672129490168150e-03
-1.175834732350310408e-06 -1.025279637616652301e-04 1.372600004606101170e-03
-8.085598238670077066e-07 -1.024673061457505893e-04 1.373528136888064414e-03
-4.420467667724602055e-07 -1.024058919482511993e-04 1.374456520546770430e-03
-7.639961248098076829e-08 -1.023436661774316516e-04 1.375385191514136383e-03
2.882739479961678122e-07 -1.022805952815516485e-04 1.376314188212549722e-03
6.520812939112890569e-07 -1.022168246845359232e-04 1.377243476803995592e-03
1.015076171965051412e-06 -1.021524376054145180e-04 1.378173040564990067e-03
1.377222720323007928e-06 -1.020874422458387863e-04 1.379102892824727884e-03
1.738293644789156424e-06 -1.020217429368319321e-04 1.380033113735873278e-03
2.098411365065009497e-06 -1.019554717676615120e-04 1.380963663644548195e-03
2.457665883673370234e-06 -1.018887237898962876e-04 1.381894513080501744e-03
2.816047958245913489e-06 -1.018215241540050434e-04 1.382825666275506191e-03
3.173325270569489204e-06 -1.017538097730868687e-04 1.383757206544503722e-03
3.529552868051691216e-06 -1.016856591111270320e-04 1.384689117014437565e-03
3.884844037009610466e-06 -1.016171610189820694e-04 1.385621359457023683e-03
4.239211640896646083e-06 -1.015483506609893109e-04 1.386553930371325341e-03
4.592495248795521687e-06 -1.014792176279333833e-04 1.387486888555197143e-03
4.944624417935173512e-06 -1.014097949268226678e-04 1.388420261578337351e-03
5.295727737184854879e-06 -1.013401569684399707e-04 1.389354005001482715e-03
5.645855872397142866e-06 -1.012703461156508133e-04 1.390288101622503538e-03
5.994929424129627371e-06 -1.012003811920883181e-04 1.391222581303629916e-03
6.342738168320950765e-06 -1.011302863007538589e-04 1.392157522662708239e-03
6.689426957076047590e-06 -1.010601188651617436e-04 1.393092874554944811e-03
7.035088286341354128e-06 -1.009899180694975721e-04 1.394028604129574555e-03
7.379712477258611113e-06 -1.009197091389943120e-04 1.394964715560654623e-03
7.722988040056131420e-06 -1.008495419754979242e-04 1.395901325362995183e-03
8.065042128144734430e-06 -1.007794558879956671e-04 1.396838388137826422e-03
8.406006345876080359e-06 -1.007094766985614984e-04 1.397775856018774283e-03
8.745880134243057505e-06 -1.006396293735339849e-04 1.398713729605695084e-03
9.084439716821834007e-06 -1.005699815246320709e-04 1.399652093123379595e-03
9.421661858948645837e-06 -1.005005815293283166e-04 1.400590956500223595e-03
9.757695100603944012e-06 -1.004314371437132374e-04 1.401530264961939332e-03
1.009258364584223833e-05 -1.003625651817266002e-04 1.402470002147743634e-03
1.042620244763308460e-05 -1.002940260398667814e-04 1.403410215117397103e-03
1.075836065795345257e-05 -1.002259158898724989e-04 1.404350976151332682e-03
1.108922495328490361e-05 -1.001582217678602458e-04 1.405292223167086633e-03
1.141888918425181590e-05 -1.000909413465587934e-04 1.406233920809641649e-03
1.174733883381131600e-05 -1.000241020237378905e-04 1.407176074156037430e-03
1.207419699057877660e-05 -9.995788778342925510e-05 1.408118824687459468e-03
1.239964976604137941e-05 -9.989226220632557935e-05 1.409062102660122362e-03
1.272384589707300068e-05 -9.982719246540036574e-05 1.410005851749714578e-03
1.304677463294546374e-05 -9.976270457884170656e-05 1.410950075175526402e-03
1.336815849776712627e-05 -9.969896257968403105e-05 1.411894875976273632e-03
1.368800524537537571e-05 -9.963600116660220791e-05 1.412840250644101020e-03
1.400648434962059938e-05 -9.957376467343771905e-05 1.413786134966477656e-03
1.432363785611531301e-05 -9.951225341994542073e-05 1.414732511993007378e-03
1.463931164476770922e-05 -9.945157912044664606e-05 1.415679437514353505e-03
1.495330717476542855e-05 -9.939189400574364552e-05 1.416626983574051238e-03
1.526581482408340650e-05 -9.933311712554861856e-05 1.417575078313102442e-03
1.557693727324997032e-05 -9.927520995731980058e-05 1.418523681998109555e-03
1.588665822691303858e-05 -9.921820239635585766e-05 1.419472798647736017e-03
1.619455023295723767e-05 -9.916240987225512433e-05 1.420422581958411326e-03
1.650082621209530588e-05 -9.910772302350327647e-05 1.421372952235257616e-03
1.680565593669985602e-05 -9.905405149549436901e-05 1.422323845224407034e-03
1.710902760392099192e-05 -9.900142224861775372e-05 1.423275262611789190e-03
1.741064105904534991e-05 -9.895008116947364178e-05 1.424227308905600883e-03
1.771048533555797866e-05 -9.890007016671064949e-05 1.425179984738474083e-03
1.800875465054979795e-05 -9.885127001805253330e-05 1.426133217722267733e-03
1.830550303437843918e-05 -9.880365920468108529e-05 1.427086985380272973e-03
1.860058626698592792e-05 -9.875737327151057376e-05 1.428041334571499531e-03
1.889373597839539488e-05 -9.871266108365591579e-05 1.428996354206092710e-03
1.918517110302973470e-05 -9.866937215519357076e-05 1.429951964312062979e-03
1.945537800510496585e-05 -9.862656656239350431e-05 1.430913706942606471e-03
1.973327162606685950e-05 -9.858553344090052067e-05 1.431873371032090642e-03
2.001362138796318222e-05 -9.854647967134127682e-05 1.432832467730860322e-03
2.028737433779444948e-05 -9.850887949071191981e-05 1.433793527497852953e-03
2.055503095073000811e-05 -9.847259850442833802e-05 1.434756354135277665e-03
2.081703926980253911e-05 -9.843767108749908125e-05 1.435720783745402483e-03
2.107369294449710771e-05 -9.840439835001166984e-05 1.436686710697476733e-03
2.132555761742343039e-05 -9.837294449133958927e-05 1.437653959099876666e-03
2.157363173495647948e-05 -9.834314976482298320e-05 1.438622240224454773e-03
2.181666825216004802e-05 -9.831505524506523269e-05 1.439591846449507755e-03
2.205863440350815834e-05 -9.828868337588575086e-05 1.440561772306541777e-03
2.229917652315759340e-05 -9.826456037183773815e-05 1.441532109957350443e-03
2.253849037005420066e-05 -9.824249669660936471e-05 1.442502801057495964e-03
2.277763235878322860e-05 -9.822237152991587761e-05 1.443473576684870235e-03
2.301743198113365409e-05 -9.820423825339892675e-05 1.444444229226943439e-03
2.325825301658673334e-05 -9.818855672819021664e-05 1.445414671244335840e-03
2.350082958910658642e-05 -9.817530968405837331e-05 1.446384712049615879e-03
2.374596297765279898e-05 -9.816427242550945548e-05 1.447354137283227409e-03
2.393614957365027861e-05 -9.816771068637098298e-05 1.448335224177212631e-03
2.416095331430972125e-05 -9.816679346219936810e-05 1.449308999723508684e-03
2.439854246486818689e-05 -9.816641820595933246e-05 1.450280350114705862e-03
2.462628716465230816e-05 -9.817109655404760002e-05 1.451254047662081225e-03
2.484502092995127066e-05 -9.818044995187366435e-05 1.452229777111519425e-03
2.505565397314875285e-05 -9.819416858818644971e-05 1.453207237806330597e-03
2.525885393858065219e-05 -9.821234091970166321e-05 1.454186198896180232e-03
2.545610674420690304e-05 -9.823428070341254890e-05 1.455166301740270932e-03
2.564900509911768967e-05 -9.825925859749656127e-05 1.456147200097929629e-03
2.583902899080477679e-05 -9.828671029782789332e-05 1.457128594532374095e-03
2.602745796870632324e-05 -9.831630780819470281e-05 1.458110234662998543e-03
2.621562736867370327e-05 -9.834764872676456668e-05 1.459091870802033163e-03
2.640520732947412060e-05 -9.837990379238773268e-05 1.460073205735395183e-03
2.659760690521318469e-05 -9.841244763806428989e-05 1.461053981595600076e-03
2.679399581089371153e-05 -9.844481070749593499e-05 1.462033971547776860e-03
2.699494371089341651e-05 -9.847708145101518901e-05 1.463013039552944457e-03
2.720154239080646534e-05 -9.850858837877774637e-05 1.463990954068875418e-03
2.741453536484035559e-05 -9.853888025672593329e-05 1.464967533522926321e-03
2.759095087147415799e-05 -9.859398763968209669e-05 1.465949916537837190e-03
2.782018786726239067e-05 -9.863447012845469818e-05 1.466921454792260212e-03
2.805444678881041927e-05 -9.866913440269599041e-05 1.467892927844065406e-03
2.828214836836265454e-05 -9.870833871336290365e-05 1.468865866782035658e-03
2.851344375175439341e-05 -9.875194627337744910e-05 1.469837768371244982e-03
2.874484345467521817e-05 -9.879979462250950296e-05 1.470809447586040502e-03
2.897623629002123576e-05 -9.885180968484043481e-05 1.471780914558606587e-03
2.920823922785158091e-05 -9.890723377496242138e-05 1.472752048257655166e-03
2.944046606373977216e-05 -9.896539162025443938e-05 1.473722968914569246e-03
2.967236217343356713e-05 -9.902573895868828845e-05 1.474693835251021570e-03
2.990314706908887282e-05 -9.908798942562652135e-05 1.475664846067635885e-03
3.013227185015417234e-05 -9.915154454439851876e-05 1.476636165574974225e-03
3.035931768988216122e-05 -9.921565129859077458e-05 1.477607936793493611e-03
3.058378395298507005e-05 -9.927972164565089280e-05 1.478580309157313854e-03
3.080509738107921428e-05 -9.934336660382647971e-05 1.479553431369931300e-03
3.102266837534905342e-05 -9.940636512901284360e-05 1.480527438595568429e-03
3.123624922082309354e-05 -9.946817520161039834e-05 1.481502404360139332e-03
3.144565310106558017e-05 -9.952835631322527613e-05 1.482478377216180565e-03
3.165067963637727046e-05 -9.958670577154077005e-05 1.483455389877087922e-03
3.190485080442324281e-05 -9.963177749551067679e-05 1.484420607098218018e-03
3.214593960176137077e-05 -9.967700226784316823e-05 1.485389414623923456e-03
3.236640457273175589e-05 -9.972395251463663044e-05 1.486363666369103437e-03
3.259535314392891694e-05 -9.976653264751583598e-05 1.487336162671891275e-03
3.283179502161489096e-05 -9.980542448995311379e-05 1.488307022051922699e-03
3.307450675212304065e-05 -9.984144530244392095e-05 1.489276446557881916e-03
3.332220236048131476e-05 -9.987527256848099813e-05 1.490244690750036540e-03
3.357337629949208715e-05 -9.990776014757000187e-05 1.491212086209248947e-03
3.382632913182953571e-05 -9.993995869649532492e-05 1.492179028703241985e-03
3.407915196262631711e-05 -9.997324891186460327e-05 1.493145968026021297e-03
3.433014709541017784e-05 -1.000085656518668670e-04 1.494113310687453016e-03
3.457764012095263401e-05 -1.000468263400245209e-04 1.495081441476881412e-03
3.481996242850504171e-05 -1.000890465715272303e-04 1.496050712429619492e-03
3.505550751697571990e-05 -1.001363397249321641e-04 1.497021415219266160e-03
3.528295328818685202e-05 -1.001894964365990898e-04 1.497993742044336765e-03
3.550127096354635054e-05 -1.002490054583855019e-04 1.498967789370734497e-03
3.570965328898089509e-05 -1.003152889953275103e-04 1.499943571825937188e-03
3.590754770007139929e-05 -1.003887021186052145e-04 1.500921024412493407e-03
3.614020332077523101e-05 -1.004420466773533192e-04 1.501891694918087907e-03
3.634612642187974710e-05 -1.005123751160677949e-04 1.502867206791590323e-03
3.653478912131281545e-05 -1.005938984699320839e-04 1.503845858994549501e-03
3.672319217851831850e-05 -1.006763471067760303e-04 1.504824483704784001e-03
3.691131011684719302e-05 -1.007599334480809993e-04 1.505803066680179393e-03
3.709920531329763865e-05 -1.008445328188081297e-04 1.506781605467142141e-03
3.728693232288928942e-05 -1.009300129618966361e-04 1.507760100003493900e-03
3.747451617797323557e-05 -1.010163452527528563e-04 1.508738547182171237e-03
3.766196789078265567e-05 -1.011036330571018680e-04 1.509716934879589030e-03
3.784932026069349689e-05 -1.011919086629302459e-04 1.510695252980512673e-03
3.803661772705873391e-05 -1.012810289495812659e-04 1.511673505046790900e-03
3.822388834526859884e-05 -1.013709286402037022e-04 1.512651690937723541e-03
3.841115466617497036e-05 -1.014616186398425562e-04 1.513629804693023646e-03
3.859845995769893448e-05 -1.015532615872096384e-04 1.514607822118311858e-03
3.878583351873617790e-05 -1.016457068042735768e-04 1.515585751012984072e-03
3.897329633996547314e-05 -1.017388590482477053e-04 1.516563595707031949e-03
3.916086962214801887e-05 -1.018327050395355664e-04 1.517541352881412748e-03
3.934861624241984195e-05 -1.019273764463988352e-04 1.518518997173646341e-03
3.953656628166092222e-05 -1.020228117865963657e-04 1.519496528125703497e-03
3.972472614298700887e-05 -1.021189030221594904e-04 1.520473954464782217e-03
3.991311230256209516e-05 -1.022156160402966113e-04 1.521451275883564311e-03
4.010177993949834218e-05 -1.023130041905326402e-04 1.522428475939585635e-03
4.029080065725669659e-05 -1.024111135318688892e-04 1.523405535601747877e-03
4.048016173605059674e-05 -1.025098313258340766e-04 1.524382468091860753e-03
4.066986474013002678e-05 -1.026090992166687278e-04 1.525359278496821527e-03
4.085993353494751540e-05 -1.027089076185027950e-04 1.526335962706382469e-03
4.105051909388219916e-05 -1.028093854410648593e-04 1.527312477514645951e-03
4.124158485968637051e-05 -1.029104183072477295e-04 1.528288841248398242e-03
4.143310796400062878e-05 -1.030119298145255793e-04 1.529265065720741704e-03
4.162510940359604789e-05 -1.031139069011463707e-04 1.530241147697443578e-03
4.181772239623831081e-05 -1.032164218106139533e-04 1.531217052797967685e-03
4.201097479194017303e-05 -1.033194411964937995e-04 1.532192778365633595e-03
4.220482048725579191e-05 -1.034228857584012232e-04 1.533168341260696902e-03
4.239925965083597313e-05 -1.035267246619577848e-04 1.534143744143528446e-03
4.259437748623376484e-05 -1.036309790775900207e-04 1.535118967143544316e-03
4.279030803425628698e-05 -1.037356793225658192e-04 1.536093979388611103e-03
4.298697797516888363e-05 -1.038407468585157554e-04 1.537068803280414783e-03
4.318435628368068433e-05 -1.039461376084786591e-04 1.538043449093736813e-03
4.338246381806554419e-05 -1.040518385852268635e-04 1.539017913342354601e-03
4.358156053123008264e-05 -1.041579142724208994e-04 1.539992135163331709e-03
4.378155286919112901e-05 -1.042642940212597214e-04 1.540966140427741217e-03
4.398237078391674680e-05 -1.043709268586435107e-04 1.541939948130537389e-03
4.418403249936934133e-05 -1.044777988639835324e-04 1.542913555217484108e-03
4.438673435107986202e-05 -1.045849342049302519e-04 1.543886917274332835e-03
4.459051389464748980e-05 -1.046923084713134407e-04 1.544860027962380571e-03
4.479527076415212774e-05 -1.047998736391337574e-04 1.545832912416487872e-03
4.500098570767435414e-05 -1.049076069097371918e-04 1.546805576129636674e-03
4.520776913614680360e-05 -1.050155063459756835e-04 1.547777994791741567e-03
4.541582531532072840e-05 -1.051235709581444411e-04 1.548750123525793106e-03
4.562501916749000771e-05 -1.052317585044323142e-04 1.549721994476359332e-03
4.583528500975222612e-05 -1.053400430364319666e-04 1.550693623255436967e-03
4.604664344380810149e-05 -1.054484115701172719e-04 1.551665005576025351e-03
4.625945336571202942e-05 -1.055568614328370266e-04 1.552636061711403382e-03
4.647357332590721691e-05 -1.056653606588536787e-04 1.553606824428619250e-03
4.668888593508624895e-05 -1.057738860493481823e-04 1.554577320392195325e-03
4.690540158269016234e-05 -1.058824244863782718e-04 1.555547547205316655e-03
4.712336030788054608e-05 -1.059909586562770352e-04 1.556517451231844741e-03
4.734275643018167061e-05 -1.060994692197343985e-04 1.557487033812124952e-03
4.756339369594634573e-05 -1.062079446517932255e-04 1.558456338706988185e-03
4.778519902920434932e-05 -1.063163756231107979e-04 1.559425381960588943e-03
4.800825193537337272e-05 -1.064247460698336485e-04 1.560394145550980226e-03
4.823272046652426446e-05 -1.065330267402446940e-04 1.561362592095367477e-03
4.845839408382049700e-05 -1.066412142118266734e-04 1.562330769056773355e-03
4.868515622356141628e-05 -1.067493040637628062e-04 1.563298702557308411e-03
4.891299236985725715e-05 -1.068572866294151594e-04 1.564266395797863805e-03
4.914218192790687368e-05 -1.069651110025926461e-04 1.565233786919718265e-03
4.937253813875559024e-05 -1.070727796948157582e-04 1.566200918363601759e-03
4.960391123136502814e-05 -1.071802968735178211e-04 1.567167823905405225e-03
4.983627923278235192e-05 -1.072876538240171893e-04 1.568134508642607741e-03
5.006980427534634580e-05 -1.073948047415142665e-04 1.569100937328071852e-03
5.030446694974185807e-05 -1.075017302821644792e-04 1.570067115410424567e-03
5.054010662857428399e-05 -1.076084439104330878e-04 1.571033079152376602e-03
5.077666247357265198e-05 -1.077149445198028165e-04 1.571998842459158222e-03
5.101419498050533671e-05 -1.078212015300645513e-04 1.572964392834560934e-03
5.125282710674637730e-05 -1.079271575529840719e-04 1.573929705080059829e-03
5.149239043111344553e-05 -1.080328373337884317e-04 1.574894817006271741e-03
5.173279151496702527e-05 -1.081382514304070667e-04 1.575859749658759532e-03
5.197401609521613695e-05 -1.082433902810878569e-04 1.576824506811987450e-03
5.221627506952126769e-05 -1.083481534282628789e-04 1.577789045545814964e-03
5.245941582666576450e-05 -1.084525712412265738e-04 1.578753399910275482e-03
5.270332084720579153e-05 -1.085566690970114751e-04 1.579717595862675187e-03
5.294797133220231978e-05 -1.086604391569153614e-04 1.580681638276381631e-03
5.319348689769482120e-05 -1.087638024369631920e-04 1.581645504409328338e-03
5.343984075113866571e-05 -1.088667412513639977e-04 1.582609202082256757e-03
5.368690957473130990e-05 -1.089692934627168751e-04 1.583572757952083580e-03
5.393464609496285874e-05 -1.090714653869486096e-04 1.584536182775815420e-03
5.418309366847717600e-05 -1.091732094608578312e-04 1.585499469749147112e-03
5.443232729186472891e-05 -1.092744440313343768e-04 1.586462607312430452e-03
5.468222079341371973e-05 -1.093752213945520127e-04 1.587425621874991987e-03
5.493270444501864997e-05 -1.094755660059202246e-04 1.588388528302391673e-03
5.518376416215674631e-05 -1.095754683360081248e-04 1.589351330687799758e-03
5.543554267899051077e-05 -1.096747755116872643e-04 1.590314006878489539e-03
5.568792097482160345e-05 -1.097735502316675281e-04 1.591276580846615789e-03
5.594081363270672375e-05 -1.098718383925028480e-04 1.592239069619548692e-03
5.619420501509186905e-05 -1.099696317944382352e-04 1.593201477618250107e-03
5.644817098890853052e-05 -1.100668151558104594e-04 1.594163795919871897e-03
5.670267926225779661e-05 -1.101633773199623252e-04 1.595126033497667409e-03
5.695764337610036468e-05 -1.102593798040213115e-04 1.596088206416220985e-03
5.721254674365776056e-05 -1.103529804301523642e-04 1.597050631024298168e-03
5.746816525613309085e-05 -1.104470041608814323e-04 1.598012825242431899e-03
5.772440867458646601e-05 -1.105408840845606140e-04 1.598974867678599294e-03
5.798099209241483595e-05 -1.106339292678213255e-04 1.599936900628825577e-03
5.823786983808931143e-05 -1.107261826568858696e-04 1.600898931288584348e-03
5.849503022155133045e-05 -1.108176428728287758e-04 1.601860962172440986e-03
5.875254676384327618e-05 -1.109081137622764030e-04 1.602822991270210938e-03
5.901034296393629572e-05 -1.109977074167533173e-04 1.603785027628060579e-03
5.926836871425000488e-05 -1.110865049955710762e-04 1.604747076256123495e-03
5.952661448638108232e-05 -1.111745143436431327e-04 1.605709138281138145e-03
5.978511327187530262e-05 -1.112616008186563326e-04 1.606671216299686766e-03
6.004383879658705298e-05 -1.113477838252550304e-04 1.607633314749520523e-03
6.030274618516174819e-05 -1.114331697709697994e-04 1.608595435364837921e-03
6.056181818884928480e-05 -1.115177988093576190e-04 1.609557578546195068e-03
6.082106054824539893e-05 -1.116016050450019788e-04 1.610519747845141209e-03
6.108047279261754746e-05 -1.116844935197892273e-04 1.611481950838237033e-03
6.134001700098870298e-05 -1.117665932906590330e-04 1.612444185903497444e-03
6.159967279909667193e-05 -1.118479762689792068e-04 1.613406451756002787e-03
6.185943224195576120e-05 -1.119286509473838622e-04 1.614368749279590769e-03
6.211929559954674520e-05 -1.120083860688255383e-04 1.615331096994815840e-03
6.237923352073923816e-05 -1.120873304924493112e-04 1.616293489822995299e-03
6.263922715504646255e-05 -1.121655871796638942e-04 1.617255923770959201e-03
6.289926677859602208e-05 -1.122431630940767258e-04 1.618218400407980036e-03
6.315933298759967532e-05 -1.123198818863442171e-04 1.619180938519843883e-03
6.341940350545997190e-05 -1.123957627370886686e-04 1.620143541911784647e-03
6.367946557444977256e-05 -1.124709235083554398e-04 1.621106204096343321e-03
6.393278800045386671e-05 -1.124902560730567093e-04 1.622072739506379103e-03
6.418985457425480351e-05 -1.125397276335023209e-04 1.623037285180433222e-03
6.444894422605699244e-05 -1.126052301207546019e-04 1.624000909577854451e-03
6.470726699345580248e-05 -1.126640628612741871e-04 1.624965170469915444e-03
6.496482442740360687e-05 -1.127164567085975995e-04 1.625930007536810626e-03
6.522161932296887646e-05 -1.127626435684200883e-04 1.626895365156846764e-03
6.547759654225683232e-05 -1.128026343597666287e-04 1.627861216260148439e-03
6.573280435468138521e-05 -1.128369763272637745e-04 1.628827489253169237e-03
6.598729492789971924e-05 -1.128662221370123028e-04 1.629794119538831255e-03
6.624110786263239143e-05 -1.128908663405083228e-04 1.630761056729508997e-03
6.649422768876838330e-05 -1.129112394480173123e-04 1.631728275222344305e-03
6.674670242601347383e-05 -1.129279421257277583e-04 1.632695733239886756e-03
6.699862731352101877e-05 -1.129417347522797857e-04 1.633663380948785146e-03
6.725007722556716305e-05 -1.129533000697142622e-04 1.634631181700245883e-03
6.750108074798673709e-05 -1.129631874595842417e-04 1.635599117107703910e-03
6.775163983745463461e-05 -1.129718948716480417e-04 1.636567179120955494e-03
6.800187697371237381e-05 -1.129802575938114266e-04 1.637535327572005837e-03
6.825188809219210619e-05 -1.129890122237982389e-04 1.638503530919249241e-03
6.850173744618395246e-05 -1.129987883957726482e-04 1.639471766135217100e-03
6.875134100305715099e-05 -1.130098408516517632e-04 1.640440050982399679e-03
6.900082308051266498e-05 -1.130229252105370254e-04 1.641408341439817842e-03
6.925028455848470201e-05 -1.130386960979555739e-04 1.642376596897040337e-03
6.949976783384140993e-05 -1.130576232972949606e-04 1.643344789893686625e-03
6.974920007965682109e-05 -1.130798839263085919e-04 1.644312925084200419e-03
6.999859416477649174e-05 -1.131058146676434126e-04 1.645280978429583497e-03
7.024803770311663885e-05 -1.131358595159396435e-04 1.646248899705155758e-03
7.050403990049371758e-05 -1.130937150475736517e-04 1.647213558427611029e-03
7.075643052631354520e-05 -1.130993970674841671e-04 1.648179963569126882e-03
7.100686209779604103e-05 -1.131323654338529781e-04 1.649147534574042697e-03
7.125859947341113879e-05 -1.131635573666864422e-04 1.650114827023659676e-03
7.151084101918587762e-05 -1.131903105269278261e-04 1.651082117855802054e-03
7.176363189719254089e-05 -1.132132155068444815e-04 1.652049366597294023e-03
7.201688043404723806e-05 -1.132328261940866178e-04 1.653016567852050311e-03
7.227056560661037331e-05 -1.132495308828656351e-04 1.653983709648597193e-03
7.252464595825244907e-05 -1.132637207359757597e-04 1.654950788035660248e-03
7.277898739591835134e-05 -1.132756548063733917e-04 1.655917828389444737e-03
7.303329858619751855e-05 -1.132853578955937869e-04 1.656884901632927351e-03
7.328737236725895333e-05 -1.132930400067714291e-04 1.657852055570404421e-03
7.354114611915806628e-05 -1.132991754599265094e-04 1.658819299505953854e-03
7.379447718733474996e-05 -1.133041088411554603e-04 1.659786666411185467e-03
7.404712592824278634e-05 -1.133080285897316631e-04 1.660754216381407546e-03
7.429869823319708983e-05 -1.133108803850234932e-04 1.661722050409058463e-03
7.454915257983034242e-05 -1.133131712365219144e-04 1.662690175968892974e-03
7.479838184194193365e-05 -1.133152755680976733e-04 1.663658618020508401e-03
7.509867983024001324e-05 -1.133159522839477100e-04 1.664611923147869864e-03
7.536668837953011885e-05 -1.133173670604782304e-04 1.665574814881245992e-03
7.562120857028383294e-05 -1.133193414511674067e-04 1.666541875779814236e-03
7.588199597283308377e-05 -1.133216744064987806e-04 1.667507265106519350e-03
7.614854646236467444e-05 -1.133245431665711567e-04 1.668471078370567561e-03
7.642006605738104494e-05 -1.133278672126544241e-04 1.669433503102324022e-03
7.669569020972265153e-05 -1.133316286136027703e-04 1.670394759577389877e-03
7.697466472533591713e-05 -1.133361267748412220e-04 1.671355046392067724e-03
7.727393124995264346e-05 -1.132877306401997242e-04 1.672307389324420189e-03
7.756367284114823750e-05 -1.132728118831283085e-04 1.673263816790925181e-03
7.784871428272199020e-05 -1.132724536376701212e-04 1.674222328807536053e-03
7.814425483661882361e-05 -1.133264987293703074e-04 1.675175523378529202e-03
7.843443014547219405e-05 -1.133444304458078268e-04 1.676131722615044600e-03
7.872104968766451276e-05 -1.133433445623155172e-04 1.677089766262420583e-03
7.900606366411881264e-05 -1.133433354280298364e-04 1.678048289082405709e-03
7.928826406314063379e-05 -1.133444347954418288e-04 1.679007642737246394e-03
7.956654911707633016e-05 -1.133467496561563740e-04 1.679968136387810767e-03
7.983977641661458679e-05 -1.133502015908476431e-04 1.680930076446751457e-03
8.010675364989274568e-05 -1.133544814798535854e-04 1.681893765073822931e-03
8.036636597154581585e-05 -1.133592135974703419e-04 1.682859460134430649e-03
8.061789951892846370e-05 -1.133644108065393877e-04 1.683827287569821408e-03
8.086069231928212512e-05 -1.133699198346786046e-04 1.684797341766769213e-03
8.116361586621748895e-05 -1.133984162498283483e-04 1.685749064762541742e-03
8.141590814247870336e-05 -1.134127546338119323e-04 1.686715473817908175e-03
8.164323244424473739e-05 -1.134213753485033066e-04 1.687689253777536992e-03
8.187146387110370849e-05 -1.134326225551345404e-04 1.688662795022803729e-03
8.210027306990824150e-05 -1.134459997821817619e-04 1.689636173974298728e-03
8.232912490020740889e-05 -1.134606808706731842e-04 1.690609524417800236e-03
8.255764289227521182e-05 -1.134760449564620920e-04 1.691582942816767434e-03
8.278556698105085524e-05 -1.134916119209536883e-04 1.692556497226802058e-03
8.301253580594065583e-05 -1.135067250085509640e-04 1.693530281819797699e-03
8.323807842255312439e-05 -1.135205430076313021e-04 1.694504416630129807e-03
8.346163291121488491e-05 -1.135320733088600911e-04 1.695479038705343788e-03
8.368298049975169219e-05 -1.135408001788104328e-04 1.696454193252813943e-03
8.390273213635583791e-05 -1.135446958757956352e-04 1.697429737983612019e-03
8.411913941288241445e-05 -1.135452782494309674e-04 1.698406038562053251e-03
8.433191714130067889e-05 -1.135411072806881335e-04 1.699383125758280148e-03
8.453336791745636001e-05 -1.136105781204941765e-04 1.700359016709917983e-03
8.473529197153496968e-05 -1.136348118730350038e-04 1.701336985769029897e-03
8.493582251112713206e-05 -1.136303231583761519e-04 1.702316660574837827e-03
8.513168471936103960e-05 -1.136265215390486552e-04 1.703297282142189704e-03
8.532278320819497506e-05 -1.136227097002772015e-04 1.704278843118494985e-03
8.550926892776427798e-05 -1.136184468636837469e-04 1.705261289248298506e-03
8.569127043201935144e-05 -1.136131850802434468e-04 1.706244571107739432e-03
8.588835223376075571e-05 -1.136216826579192630e-04 1.707224820028187522e-03
8.601654108386972385e-05 -1.136211250257425414e-04 1.708215279773919433e-03
8.615726028135906945e-05 -1.136128107992269616e-04 1.709204851235802090e-03
8.631179724733667772e-05 -1.136036337103781755e-04 1.710192788381775146e-03
8.645538145975076132e-05 -1.135931003186183024e-04 1.711182353607380467e-03
8.659205033698880931e-05 -1.135806767111823364e-04 1.712172889792247781e-03
8.672255175302358754e-05 -1.135660034658343123e-04 1.713164223428960322e-03
8.684691595038425296e-05 -1.135486481435864947e-04 1.714156303669166735e-03
8.696625391967041272e-05 -1.135281425014901828e-04 1.715148941929643114e-03
8.708161470834290463e-05 -1.135038589083078810e-04 1.716141965431238229e-03
8.719413703212439582e-05 -1.134752459745837802e-04 1.717135199634685361e-03
8.730521628810236938e-05 -1.134420788121697242e-04 1.718128455088318348e-03
8.741620236642352274e-05 -1.134040958046820185e-04 1.719121548145158924e-03
8.752833987400885295e-05 -1.133609560202811678e-04 1.720114300467644273e-03
8.764263624790357744e-05 -1.133121060649904107e-04 1.721106540565200483e-03
8.776038948048729043e-05 -1.132574924250306459e-04 1.722098074862339233e-03
8.788282722728140860e-05 -1.131971251950774433e-04 1.723088706364898654e-03
8.801094930873195775e-05 -1.131309057418282958e-04 1.724078243040013661e-03
8.814545077860068943e-05 -1.130585604117950412e-04 1.725066501992971856e-03
8.827072699051510352e-05 -1.130275576772068368e-04 1.726057529055279862e-03
8.840870112994869343e-05 -1.129767431547965142e-04 1.727045911798122868e-03
8.856249692349620409e-05 -1.128986436045121894e-04 1.728030917778552132e-03
8.872296685891485212e-05 -1.128203207397915993e-04 1.729014840552356956e-03
8.882632712830573274e-05 -1.127219113087144517e-04 1.730003386842743091e-03
8.895013732163025691e-05 -1.126274631751809257e-04 1.730990070111003767e-03
8.910722980588426853e-05 -1.125410165767694900e-04 1.731973859523431962e-03
8.926018421239079344e-05 -1.124510694489392053e-04 1.732957987388500636e-03
8.940898350724622000e-05 -1.123574894222826442e-04 1.733942413102136084e-03
8.955399846305399088e-05 -1.122605917174566346e-04 1.734927083776509858e-03
8.969571548115919698e-05 -1.121608043897134177e-04 1.735911946476242354e-03
8.983451826638563906e-05 -1.120584034285471777e-04 1.736896956385686934e-03
8.997066384313272085e-05 -1.119534926746401426e-04 1.737882073129223652e-03
9.010459049571660375e-05 -1.118463812608510688e-04 1.738867257836449083e-03
9.023691137491940168e-05 -1.117375777611912430e-04 1.739852474565582209e-03
9.036816700132382061e-05 -1.116274957752451239e-04 1.740837692016241689e-03
9.049876795635146463e-05 -1.115163927014230639e-04 1.741822881957278985e-03
9.062906756333391771e-05 -1.114044635601082740e-04 1.742808018363106162e-03
9.075964199135352743e-05 -1.112921767227344596e-04 1.743793077703652099e-03
9.089103750331544308e-05 -1.111799769234203474e-04 1.744778037689658249e-03
9.102365857952890980e-05 -1.110681575667085561e-04 1.745762876539134340e-03
9.115729272540241122e-05 -1.109564671838319708e-04 1.746747593262679100e-03
9.129268896628692741e-05 -1.108454788149828071e-04 1.747732147794299690e-03
9.143035141902052161e-05 -1.107356314925122425e-04 1.748716516229359809e-03
9.157026755314747618e-05 -1.106269243438048205e-04 1.749700693337777465e-03
9.171240983366454229e-05 -1.105192731675779574e-04 1.750684667644554406e-03
9.183825655099986959e-05 -1.104002880579792439e-04 1.751669406667324133e-03
9.196935335029955434e-05 -1.102843425899478145e-04 1.752653830516806219e-03
9.211149883768852227e-05 -1.101753071720858982e-04 1.753637652372942290e-03
9.225263053050431112e-05 -1.100651078223156213e-04 1.754621490425667353e-03
9.239261019608732196e-05 -1.099535915827889093e-04 1.755605344584871413e-03
9.253154091155111759e-05 -1.098408811667054034e-04 1.756589211513013725e-03
9.266953397768558517e-05 -1.097271072783598895e-04 1.757573087994881685e-03
9.280658943390558008e-05 -1.096122730963780111e-04 1.758556972352803404e-03
9.294247321537917332e-05 -1.094961198619650493e-04 1.759540864142878323e-03
9.307725495102760530e-05 -1.093787310264712179e-04 1.760524761119609035e-03
9.321109660497517142e-05 -1.092602926069239277e-04 1.761508660645367359e-03
9.334400097474825596e-05 -1.091408108627740358e-04 1.762492561081013950e-03
9.347581335183237274e-05 -1.090201184294690951e-04 1.763476460498022676e-03
9.360649894078591510e-05 -1.088981821154405528e-04 1.764460356931397012e-03
9.373619023354476257e-05 -1.087751528156192230e-04 1.765444248944228207e-03
9.386494456940837490e-05 -1.086510970835392876e-04 1.766428135132184964e-03
9.399268621103274346e-05 -1.085259358371842034e-04 1.767412013242902541e-03
9.411927645318152538e-05 -1.083995233328906169e-04 1.768395880113545491e-03
9.424481845391225626e-05 -1.082719764992895445e-04 1.769379735058462409e-03
9.436942382059311301e-05 -1.081434200452505466e-04 1.770363577669655441e-03
9.449309259420383424e-05 -1.080138570951162723e-04 1.771347406425482617e-03
9.461558919083219211e-05 -1.078830403573054935e-04 1.772331215678288200e-03
9.473698490258920877e-05 -1.077510510873084073e-04 1.773315005014839373e-03
9.485744235356758389e-05 -1.076180668545949516e-04 1.774298775693095367e-03
9.497696352128733965e-05 -1.074840928346870299e-04 1.775282526273773897e-03
9.509539099100985623e-05 -1.073489674313532374e-04 1.776266251502726717e-03
9.521269321442727643e-05 -1.072126627464547918e-04 1.777249948935703079e-03
9.532900376875598622e-05 -1.070753233425291573e-04 1.778233620274152077e-03
9.544437833235485454e-05 -1.069370107727562455e-04 1.779217265486395493e-03
9.555873735126183064e-05 -1.067976461973275682e-04 1.780200880735154307e-03
9.567194685080504968e-05 -1.066570964286508771e-04 1.781184460244486295e-03
9.578411147115438592e-05 -1.065154741142878880e-04 1.782168005761879462e-03
9.589534037050547832e-05 -1.063728951653892873e-04 1.783151519332429238e-03
9.600563157764075838e-05 -1.062293606191961145e-04 1.784134999505159348e-03
9.611474906583821474e-05 -1.060846357846209913e-04 1.785118435941803524e-03
9.622276863673875826e-05 -1.059388024641671246e-04 1.786101830058767605e-03
9.632985272819640952e-05 -1.057920289483598423e-04 1.787085186610641542e-03
9.643600136166477835e-05 -1.056443182787355952e-04 1.788068504261633180e-03
9.654105116165550172e-05 -1.054955116135198652e-04 1.789051774524833428e-03
9.664497816813101235e-05 -1.053455902910255070e-04 1.790034994863481119e-03
9.674791820312578358e-05 -1.051946936537831581e-04 1.791018169892196355e-03
9.684992298008996076e-05 -1.050428761870125940e-04 1.792001300639658448e-03
9.695090620632234202e-05 -1.048900568286169062e-04 1.792984381551309498e-03
9.705074254249058984e-05 -1.047361181681113042e-04 1.793967404910899342e-03
9.714953914728215883e-05 -1.045811694819847009e-04 1.794950374760743072e-03
9.724740065426158416e-05 -1.044253161951693218e-04 1.795933295138939971e-03
9.734431769876677098e-05 -1.042685523317670728e-04 1.796916164284088468e-03
9.744006377479142605e-05 -1.041106652738936771e-04 1.797898968209726400e-03
9.753471743041842296e-05 -1.039517352333563287e-04 1.798881710050076682e-03
9.762843610374820076e-05 -1.037919167245968100e-04 1.799864397412798177e-03
9.772121978674579135e-05 -1.036312127218749703e-04 1.800847029089083090e-03
9.781289708411589946e-05 -1.034694657827495232e-04 1.801829593345408848e-03
9.790345439377770543e-05 -1.033066682427961978e-04 1.802812088045588389e-03
9.799303049989665712e-05 -1.031429547274161665e-04 1.803794520542564839e-03
9.808167166971722541e-05 -1.029783717320595111e-04 1.804776892563170632e-03
9.816928324617290994e-05 -1.028128351769596856e-04 1.805759196652053462e-03
9.825575072587717487e-05 -1.026462444525028155e-04 1.806741423858926419e-03
9.834118434260290850e-05 -1.024787057610079751e-04 1.807723580412388086e-03
9.842568302167908532e-05 -1.023103135063163947e-04 1.808705671871710255e-03
9.850922884470002738e-05 -1.021410544617660127e-04 1.809687695832660950e-03
9.859160641600765143e-05 -1.019707383715775991e-04 1.810669635552769044e-03
9.867289741406976619e-05 -1.017994439486141772e-04 1.811651495834135962e-03
9.875325341315666441e-05 -1.016273117821460208e-04 1.812633286570304288e-03
9.883267436396265312e-05 -1.014543447785899906e-04 1.813615006667029100e-03
9.891098028103546315e-05 -1.012803871861512022e-04 1.814596641159064560e-03
9.898816873354297470e-05 -1.011054419283822099e-04 1.815578188732603531e-03
9.906438163354365403e-05 -1.009296388121364848e-04 1.816559659304356478e-03
9.913965934405507619e-05 -1.007530165606558168e-04 1.817541054980259052e-03
9.921389880049877666e-05 -1.005754889082832211e-04 1.818522366302979419e-03
9.928699645656621081e-05 -1.003969709240570200e-04 1.819503583652829068e-03
9.935906559116915572e-05 -1.002175654361141423e-04 1.820484715316595704e-03
9.943019932519940054e-05 -1.000373564190756680e-04 1.821465767982871934e-03
9.950037170035455668e-05 -9.985632475708957506e-05 1.822446738407076288e-03
9.956937782120462864e-05 -9.967430073499111741e-05 1.823427607772252742e-03
9.963730225983662083e-05 -9.949136107212852229e-05 1.824408382459424610e-03
9.970429101267369544e-05 -9.930763339163725157e-05 1.825389074196934582e-03
9.977034397817770338e-05 -9.912312053408891459e-05 1.826369681993019779e-03
9.983527377293206783e-05 -9.893767027573526992e-05 1.827350187821597839e-03
9.989908763514390635e-05 -9.875129367715410490e-05 1.828330591374695497e-03
9.996193011673475831e-05 -9.856411505874618163e-05 1.829310904911476271e-03
1.000238364287734256e-04 -9.837616666129897318e-05 1.830291130728549246e-03
1.000846969067894647e-04 -9.818736236599170540e-05 1.831271257471320723e-03
1.001463896361286997e-04 -9.800042531537728782e-05 1.832251687929702371e-03
1.002065271948856563e-04 -9.781190742004767407e-05 1.833231909125765825e-03
1.002646136733983262e-04 -9.762105544365878471e-05 1.834211807773430047e-03
1.003220272172363511e-04 -9.742984422350291836e-05 1.835191676030845358e-03
1.003785605156794778e-04 -9.723810667175256009e-05 1.836171492522557618e-03
1.004342857729717818e-04 -9.704589604414142227e-05 1.837151262714160080e-03
1.004893264399377097e-04 -9.685330253023888649e-05 1.838130996407466404e-03
1.005436597879338039e-04 -9.666029681330968830e-05 1.839110688457216069e-03
1.005970680762167415e-04 -9.646669603490379329e-05 1.840090313841965825e-03
1.006495346550280868e-04 -9.627247342073134431e-05 1.841069867097768669e-03
1.007011732706440861e-04 -9.607770116925546462e-05 1.842049355226048129e-03
1.007519816815231515e-04 -9.588235859515003515e-05 1.843028773179147036e-03
1.008018113876500064e-04 -9.568631214743573911e-05 1.844008100685154937e-03
1.008505338204577118e-04 -9.548944450636660385e-05 1.844987319133979632e-03
1.008982276333729482e-04 -9.529179555339669847e-05 1.845966430893356035e-03
1.009449414591429185e-04 -9.509338104376029838e-05 1.846945435035231807e-03
1.009906056498331624e-04 -9.489412743951441596e-05 1.847924318230104732e-03
1.010349879615000533e-04 -9.469384254125362587e-05 1.848903049739512904e-03
1.010781412716048577e-04 -9.449254803256944171e-05 1.849881629225468655e-03
1.011201748076937592e-04 -9.429030785149160668e-05 1.850860062438889958e-03
1.011679924709842906e-04 -9.409949616256599704e-05 1.851840459989065281e-03
1.012128704017138989e-04 -9.390470579751182599e-05 1.852820207060871518e-03
1.012532309745703358e-04 -9.370310819936181744e-05 1.853798842726940782e-03
1.012943008393638739e-04 -9.350391505038380200e-05 1.854777941216190868e-03
1.013359722821103508e-04 -9.330690813937327576e-05 1.855757456721392890e-03
1.013779453791674077e-04 -9.311167518813189589e-05 1.856737314737151720e-03
1.014211847260749620e-04 -9.292090385120396268e-05 1.857717990654375421e-03
1.014638907266659286e-04 -9.273017795211876751e-05 1.858698701505178373e-03
1.015054525298785307e-04 -9.253805030101021106e-05 1.859679190896060394e-03
1.015464520092695385e-04 -9.234620199202278504e-05 1.860659758662099256e-03
1.015863448892164285e-04 -9.215387538909112716e-05 1.861640278121134322e-03
1.016248679621984400e-04 -9.196050253258490181e-05 1.862620646471063908e-03
1.016618299425195362e-04 -9.176556978091774612e-05 1.863600765606083717e-03
1.016969105659828678e-04 -9.156849035263169663e-05 1.864580524072295556e-03
1.017296383577255813e-04 -9.136860481510660403e-05 1.865559794525722048e-03
1.017597531157686812e-04 -9.116543782259169722e-05 1.866538473067938389e-03
1.017871851924039803e-04 -9.095869075256253565e-05 1.867516480165560579e-03
1.018118138272509421e-04 -9.074808532389423688e-05 1.868493737974493080e-03
1.018367088745200156e-04 -9.054186439213026013e-05 1.869471912223168034e-03
1.018577860463111139e-04 -9.032962500017396531e-05 1.870448853892778783e-03
1.018742736282820274e-04 -9.010911179152811593e-05 1.871424097698374568e-03
1.018888426495576045e-04 -8.988699172371652113e-05 1.872399007389498804e-03
1.019015608387812175e-04 -8.966332053875052945e-05 1.873373588350670926e-03
1.019123134404584122e-04 -8.943804995839948449e-05 1.874347824362010678e-03
1.019213006602715026e-04 -8.921134274538297529e-05 1.875321745337446598e-03
1.019288341291782490e-04 -8.898344005681131489e-05 1.876295399697185118e-03
1.019350816249825627e-04 -8.875449803108906353e-05 1.877268819399143885e-03
1.019400663579280532e-04 -8.852458985750383236e-05 1.878242018624833249e-03
1.019439408287989106e-04 -8.829387422410065270e-05 1.879215031949405847e-03
1.019470250047045700e-04 -8.806261477320837222e-05 1.880187919096068094e-03
1.019495550314027240e-04 -8.783102231244093686e-05 1.881160728665170079e-03
1.019496401482385719e-04 -8.759646127911998269e-05 1.882132824827508497e-03
1.019495442157252824e-04 -8.736211866206375798e-05 1.883104975806923140e-03
1.019503896194495351e-04 -8.712942188708262716e-05 1.884077524759642051e-03
1.019510096667580084e-04 -8.689661385640337426e-05 1.885050047267569943e-03
1.019515156258511798e-04 -8.666381657543170973e-05 1.886022572417801746e-03
1.019518077831097841e-04 -8.643102982588522375e-05 1.886995100164630748e-03
1.019447265217818477e-04 -8.618563324476901549e-05 1.887964410933712410e-03
1.019377511920290820e-04 -8.594055162901671015e-05 1.888933836064774895e-03
1.019339290008863244e-04 -8.570113833204008906e-05 1.889904744568834298e-03
1.019282125010529180e-04 -8.545872515029909547e-05 1.890874899211812069e-03
1.019206731588959212e-04 -8.521358464860430838e-05 1.891844356178244832e-03
1.019115637239616966e-04 -8.496613031629077098e-05 1.892813212047384343e-03
1.019011205886998861e-04 -8.471680783859825506e-05 1.893781575674864095e-03
1.018895079698181318e-04 -8.446606361864544084e-05 1.894749559037329492e-03
1.018767994444488438e-04 -8.421433635401343878e-05 1.895717273570595753e-03
1.018632662525692105e-04 -8.396216554879912274e-05 1.896684861620176726e-03
1.018492273553544799e-04 -8.371011042855461617e-05 1.897652472623856607e-03
1.018348888220954064e-04 -8.345867211334544731e-05 1.898620239636132287e-03
1.018203424735887786e-04 -8.320829539156126176e-05 1.899588278629333596e-03
1.018057732547428344e-04 -8.295943021317730092e-05 1.900556706782537521e-03
1.017914412372547295e-04 -8.271250685714581698e-05 1.901525635191800897e-03
1.017775132369532875e-04 -8.246786832331005966e-05 1.902495148691597804e-03
1.017640588049846008e-04 -8.222577099337900980e-05 1.903465306409388115e-03
1.017511020127528817e-04 -8.198639934108707835e-05 1.904436146892122834e-03
1.017352574419039095e-04 -8.174090958439855054e-05 1.905405390945837975e-03
1.017201621171390577e-04 -8.149846158385029571e-05 1.906375404814723059e-03
1.017058780232936682e-04 -8.125941312745542486e-05 1.907346303076659123e-03
1.016914186572717590e-04 -8.102119920185246434e-05 1.908317404132506626e-03
1.016774063182523279e-04 -8.078522680452608087e-05 1.909289062838194495e-03
1.016629939174045459e-04 -8.054926550368887630e-05 1.910260718389212480e-03
1.016481995739498140e-04 -8.031333106927949605e-05 1.911232374725206932e-03
1.016329941446079494e-04 -8.007745007147183051e-05 1.912204037682099008e-03
1.016173788109603961e-04 -7.984165385342626017e-05 1.913175714719724625e-03
1.016014199709002787e-04 -7.960595781752555049e-05 1.914147410488986926e-03
1.015851603143129558e-04 -7.937037319888019967e-05 1.915119128290752870e-03
1.015686049814032584e-04 -7.913492186269394709e-05 1.916090873402591854e-03
1.015517280701373320e-04 -7.889965762145188680e-05 1.917062658289335779e-03
1.015345751547541800e-04 -7.866459389853351929e-05 1.918034486876048694e-03
1.015172025851802229e-04 -7.842972604630496362e-05 1.919006358917090069e-03
1.014996253085363129e-04 -7.819506959943224838e-05 1.919978278342477458e-03
1.014818308567204191e-04 -7.796068933558239576e-05 1.920950260446251849e-03
1.014638436218387961e-04 -7.772661450532698866e-05 1.921922312607512095e-03
1.014457105846141823e-04 -7.749282998837372048e-05 1.922894431924834736e-03
1.014274539832743977e-04 -7.725934119874689550e-05 1.923866620000615505e-03
1.014090822869266666e-04 -7.702619462250951884e-05 1.924838888027405846e-03
1.013906095345491531e-04 -7.679345907936383322e-05 1.925811252605272566e-03
1.013720683670480300e-04 -7.656112409871955568e-05 1.926783711676736911e-03
1.013534847158884157e-04 -7.632916905559269287e-05 1.927756260630238616e-03
1.013348734851468049e-04 -7.609760941159068946e-05 1.928728903273501348e-03
1.013162565535803179e-04 -7.586656744843095783e-05 1.929701668880867390e-03
1.012976593179737141e-04 -7.563604624729338116e-05 1.930674558424436095e-03
1.012791005886445954e-04 -7.540599066888228289e-05 1.931647558910899211e-03
1.012605952159583111e-04 -7.517641453826856611e-05 1.932620673646935671e-03
1.012421731519473470e-04 -7.494740909952035874e-05 1.933593924400984956e-03
1.012238656196298790e-04 -7.471903314231402137e-05 1.934567325218328930e-03
1.012056831075705543e-04 -7.449124194508096968e-05 1.935540865399105158e-03
1.011876322935877461e-04 -7.426400937338751586e-05 1.936514538568200744e-03
1.011697310195773162e-04 -7.403736952307210365e-05 1.937488352625678888e-03
1.011520143086069623e-04 -7.381141643495032730e-05 1.938462329611319529e-03
1.011344748228706761e-04 -7.358609087954650621e-05 1.939436455207952390e-03
1.011170949412236529e-04 -7.336130517496928399e-05 1.940410708381390707e-03
1.010998779253468162e-04 -7.313705227042048291e-05 1.941385087224595934e-03
1.010828619747945121e-04 -7.291342615599428014e-05 1.942359613611849322e-03
1.010660512385107870e-04 -7.269040983509726618e-05 1.943334283317395706e-03
1.010494231952297557e-04 -7.246791121711406130e-05 1.944309074475126771e-03
1.010329758320006855e-04 -7.224590716574673431e-05 1.945283981452719134e-03
1.010167333934439799e-04 -7.202444205965574035e-05 1.946259014422856452e-03
1.010007211707994446e-04 -7.180355375995384323e-05 1.947234182032919498e-03
1.009849225234579279e-04 -7.158317636947689340e-05 1.948209468731475734e-03
1.009693223319869904e-04 -7.136325537249641154e-05 1.949184861640170310e-03
1.009539280015377095e-04 -7.114379241924672238e-05 1.950160360979485063e-03
1.009387895996150908e-04 -7.092487155145891977e-05 1.951135986096230387e-03
1.009238977756735144e-04 -7.070644970982672040e-05 1.952111726879159157e-03
1.009092221483575764e-04 -7.048844615250158727e-05 1.953087564477801142e-03
1.008947659452642858e-04 -7.027085389285265562e-05 1.954063497145479538e-03
1.008805726208370011e-04 -7.005373300088863929e-05 1.955039538628930516e-03
1.008666533858889382e-04 -6.983708088640604172e-05 1.956015688234116583e-03
1.008542956668818133e-04 -6.962183760722884577e-05 1.956992169094962705e-03
1.008419531275476231e-04 -6.940679761591357633e-05 1.957968695708042859e-03
1.008292054235447854e-04 -6.919164319198983055e-05 1.958945192418546939e-03
1.008180576602770345e-04 -6.897793604556834055e-05 1.959922025405133519e-03
1.008073861552967297e-04 -6.876476072916166504e-05 1.960898980952015345e-03
1.007968097602076333e-04 -6.855178893119107499e-05 1.961875981895167247e-03
1.007870116571063740e-04 -6.833954970372578671e-05 1.962853150375458260e-03
1.007779932873280809e-04 -6.812805760574814295e-05 1.963830488316933073e-03
1.007696627477516543e-04 -6.791721857606441396e-05 1.964807973526339242e-03
1.007618849531117600e-04 -6.770689627195365938e-05 1.965785574626157696e-03
1.007545634683191952e-04 -6.749700665381102780e-05 1.966763272259381551e-03
1.007476423406590186e-04 -6.728750380138930022e-05 1.967741055762402356e-03
1.007410335141392346e-04 -6.707830536839748999e-05 1.968718906623882683e-03
1.007345969085426420e-04 -6.686928099628736816e-05 1.969696795868795727e-03
1.007282165694353471e-04 -6.666032743269214092e-05 1.970674700618323723e-03
1.007218238485798511e-04 -6.645138140501755878e-05 1.971652606897233810e-03
1.007153867479912039e-04 -6.624240229688209359e-05 1.972630505815752087e-03
1.007088087175858442e-04 -6.603329955916418625e-05 1.973608377359552853e-03
1.007299568163137109e-04 -6.584892333961221754e-05 1.974590485598151559e-03
1.007455100860523610e-04 -6.565953423810370936e-05 1.975571821204630089e-03
1.007472471832343737e-04 -6.545774423745850609e-05 1.976551233675534220e-03
1.007568349860076998e-04 -6.526287044929958002e-05 1.977532002067701206e-03
1.007737210391206008e-04 -6.507444373150232805e-05 1.978513933087351195e-03
1.007975856915548432e-04 -6.489220128628874504e-05 1.979496886383083978e-03
1.008270844425682828e-04 -6.471489620023326437e-05 1.980480595303384019e-03
1.008610534117982408e-04 -6.454145909162341819e-05 1.981464850271056743e-03
1.008985401641195512e-04 -6.437104911121215120e-05 1.982449508311631779e-03
1.009382149818646956e-04 -6.420246406665463081e-05 1.983434396078083157e-03
1.009787398207807088e-04 -6.403446619094238035e-05 1.984419350100696550e-03
1.010187999602039959e-04 -6.386581044723418389e-05 1.985404210427968528e-03
1.010570101721968030e-04 -6.369524508433096891e-05 1.986388814210191412e-03
1.010920451685891791e-04 -6.352158414080798026e-05 1.987372993125480127e-03
1.011227325018175147e-04 -6.334375947947812043e-05 1.988356571342068425e-03
1.011481360085399758e-04 -6.316085433084859028e-05 1.989339366193826255e-03
1.011673829742265119e-04 -6.297209176577746466e-05 1.990321190461196918e-03
1.011797617805926957e-04 -6.277687980625626060e-05 1.991301861764014757e-03
1.012137895891462446e-04 -6.261822509723474533e-05 1.992287902448942535e-03
1.012304255607858884e-04 -6.243882708351085168e-05 1.993270520728760570e-03
1.012283766646406675e-04 -6.223531232048445971e-05 1.994249584209153731e-03
1.012275010934858088e-04 -6.203715924243240751e-05 1.995229752255053227e-03
1.012269149645417905e-04 -6.184341905790476145e-05 1.996210802690827433e-03
1.012266542145579164e-04 -6.165367595241375335e-05 1.997192634645556658e-03
1.012256654927763043e-04 -6.146649232752550592e-05 1.998174958480813945e-03
1.012459162826785262e-04 -6.130517553876850838e-05 1.999161348930474959e-03
1.012586917702456587e-04 -6.113709426879316449e-05 2.000146831852414164e-03
1.012648764707807845e-04 -6.096256104408653826e-05 2.001131456437946210e-03
1.012719438426860278e-04 -6.079280147088128328e-05 2.002116914605741801e-03
1.012323448939565567e-04 -6.061788896254817163e-05 2.003100196702618449e-03
1.012222499186578588e-04 -6.045054759708579149e-05 2.004085447381132642e-03
1.012256905901671718e-04 -6.028654431669746026e-05 2.005071884507758032e-03
1.012168866879206388e-04 -6.011982911221479535e-05 2.006057834025107983e-03
1.011964611553420199e-04 -5.994926052216520635e-05 2.007042952830719821e-03
1.011654359597447293e-04 -5.977385692116630084e-05 2.008026946785276910e-03
1.011252288162918874e-04 -5.959280102357931606e-05 2.009009585698938536e-03
1.010774351100451971e-04 -5.943798512154453343e-05 2.009996206609461749e-03
1.009886397429776846e-04 -5.922916252301853990e-05 2.010968790006980537e-03
1.009076572642727263e-04 -5.901600256514801001e-05 2.011942152687013277e-03
1.008326136528473539e-04 -5.880959353069832975e-05 2.012917723885137081e-03
1.007514047216356249e-04 -5.859704092005837251e-05 2.013891484994447673e-03
1.006773108772087262e-04 -5.838967249337459210e-05 2.014866896338391236e-03
1.005995285875013691e-04 -5.817337407138171952e-05 2.015840032835081088e-03
1.005195669801597664e-04 -5.794736554651627372e-05 2.016810865625022573e-03
1.004465134391993396e-04 -5.771918041250289033e-05 2.017781730137278070e-03
1.003830570865116561e-04 -5.748968755478266424e-05 2.018752952553157405e-03
1.003314620236917920e-04 -5.725967237277855641e-05 2.019724749656008362e-03
1.002931000631414039e-04 -5.702947181090505478e-05 2.020697109850882849e-03
1.002692710631107305e-04 -5.679970328370115556e-05 2.021670032820633515e-03
1.002608417152316996e-04 -5.657094354087022035e-05 2.022643446572598529e-03
1.002681998542791859e-04 -5.634371234369416910e-05 2.023617227030239350e-03
1.002912342994842661e-04 -5.611850287033122572e-05 2.024591234508468264e-03
1.003293308453149515e-04 -5.589576878606155756e-05 2.025565342332297930e-03
1.003813678027957340e-04 -5.567583348074423206e-05 2.026539446187975834e-03
1.004744618159766011e-04 -5.548904672226709069e-05 2.027515633949460768e-03
1.005824252588269390e-04 -5.530282943635926964e-05 2.028488094910329761e-03
1.006381075425168917e-04 -5.504862227814596223e-05 2.029452569846418048e-03
1.007353230872777740e-04 -5.484403312200000091e-05 2.030426567754942558e-03
1.008397048172624975e-04 -5.464380035221462945e-05 2.031400735116845914e-03
1.009478120403092566e-04 -5.444735305287138450e-05 2.032375269918406963e-03
1.010561419249222839e-04 -5.425406513058280425e-05 2.033350411786829636e-03
1.011612125692252996e-04 -5.406320768573486885e-05 2.034326386055159558e-03
1.012609434587758691e-04 -5.387529223068850885e-05 2.035303488808472890e-03
1.013543695485423534e-04 -5.368951210310505943e-05 2.036281620248193980e-03
1.014554870198697148e-04 -5.349401101548545960e-05 2.037256902646744552e-03
1.015565704618202528e-04 -5.329168064102683867e-05 2.038230641243026376e-03
1.016249297143726691e-04 -5.309765109865015044e-05 2.039209245257037496e-03
1.016859788710497008e-04 -5.289932964485174896e-05 2.040187467519764385e-03
1.017378439411157270e-04 -5.269611010874349842e-05 2.041165210272913397e-03
1.017790140334181204e-04 -5.248765360773934344e-05 2.042142354975695368e-03
1.018082630441231163e-04 -5.227370583766669508e-05 2.043118738659793071e-03
1.018247040572552381e-04 -5.205413653052925961e-05 2.044094171004621693e-03
1.018606942925884046e-04 -5.186066978779926059e-05 2.045073514479622649e-03
1.018981247077598853e-04 -5.165451023474766531e-05 2.046048504302160325e-03
1.018879172648176043e-04 -5.139714854494860862e-05 2.047014477396573440e-03
1.018780226848015362e-04 -5.116618016076572524e-05 2.047987388231473690e-03
1.018690991390344214e-04 -5.093552995705481550e-05 2.048960383873013949e-03
1.018613724271833914e-04 -5.070550790814240701e-05 2.049933538281679957e-03
1.018550785106635259e-04 -5.047645783242574820e-05 2.050906932116874914e-03
1.018503496942022881e-04 -5.024862000581061894e-05 2.051880619159132668e-03
1.018394140183846377e-04 -5.001393485277675765e-05 2.052852549327263774e-03
1.018253984454878074e-04 -4.977580530042698646e-05 2.053823611474506206e-03
1.018203548153858915e-04 -4.954702734693758586e-05 2.054797076791644792e-03
1.018143755873871171e-04 -4.931732074664631335e-05 2.055770318157843987e-03
1.018074729598857564e-04 -4.908682435976621734e-05 2.056743366667487371e-03
1.017996679525212482e-04 -4.885568214283949381e-05 2.057716255214892855e-03
1.017910993854369885e-04 -4.862415510199649351e-05 2.058689045884139202e-03
1.017818989589316475e-04 -4.839248107378538150e-05 2.059661795808586521e-03
1.017721348625242385e-04 -4.816081489646092441e-05 2.060634542112191065e-03
1.017618248069719253e-04 -4.792924297627295315e-05 2.061607305224004948e-03
1.017822188219533235e-04 -4.772591616562273776e-05 2.062584928950833476e-03
1.017835244353663742e-04 -4.750312997799294358e-05 2.063554088279620155e-03
1.017245388038708406e-04 -4.722447142894621461e-05 2.064511124682897464e-03
1.017119024177373811e-04 -4.699056146414805829e-05 2.065483300355715462e-03
1.016984643525246538e-04 -4.675513335441571476e-05 2.066455098949274583e-03
1.016844531987623831e-04 -4.651848863249356152e-05 2.067426593979872045e-03
1.016699732103710206e-04 -4.628082282542725026e-05 2.068397832904578237e-03
1.016550582465128121e-04 -4.604228005347620869e-05 2.069368850235024995e-03
1.016397159575549273e-04 -4.580299352229089235e-05 2.070339677952553505e-03
1.016240929692925035e-04 -4.556323954214485864e-05 2.071310385903215017e-03
1.016083213654509404e-04 -4.532328425913807144e-05 2.072281041719958253e-03
1.015911289661438862e-04 -4.508199537361261207e-05 2.073251339357446137e-03
1.015723799855834539e-04 -4.483938186803080358e-05 2.074221279270706177e-03
1.015551735728682765e-04 -4.459868064334701816e-05 2.075191725968279950e-03
1.015374429223032455e-04 -4.435793922635591213e-05 2.076162153263966942e-03
1.015192163355080080e-04 -4.411729740056651949e-05 2.077132596072180527e-03
1.015004228743442930e-04 -4.387678906090119085e-05 2.078103061126154033e-03
1.014809662515072974e-04 -4.363640731043903239e-05 2.079073544498419735e-03
1.014860258817982885e-04 -4.341725034740138663e-05 2.080048064295407246e-03
1.014948345496491687e-04 -4.319958904438609391e-05 2.081019233867191162e-03
1.014210290295433804e-04 -4.291005372313708480e-05 2.081972315549660262e-03
1.013997261147054545e-04 -4.266831418829571321e-05 2.082942422653560541e-03
1.013779466110229269e-04 -4.242540239494212298e-05 2.083912226356424320e-03
1.013557438951811937e-04 -4.218143566746723923e-05 2.084881755618634737e-03
1.013330382288349878e-04 -4.193643358903968547e-05 2.085851012091068709e-03
1.013096457463946314e-04 -4.169034335968995988e-05 2.086819976438741668e-03
1.012854244436608043e-04 -4.144316464910913499e-05 2.087788643427902682e-03
1.012604837554760556e-04 -4.119512686069676688e-05 2.088757072536244919e-03
1.012347378582093059e-04 -4.094629519703532454e-05 2.089725276887159644e-03
1.012080009889002974e-04 -4.069665239779741072e-05 2.090693245407778973e-03
1.011804706069247169e-04 -4.044648806605803307e-05 2.091661057276319406e-03
1.011524158893083668e-04 -4.019616160558044560e-05 2.092628811235021022e-03
1.011223605245617409e-04 -3.994460403975722066e-05 2.093596186670882830e-03
1.010912365304507008e-04 -3.969267482073721853e-05 2.094563431511228466e-03
1.010588291505084863e-04 -3.944028882140738471e-05 2.095530515085094764e-03
1.010251197369836906e-04 -3.918750816261921857e-05 2.096497451116253845e-03
1.010161333172989828e-04 -3.895489825259881454e-05 2.097468697119485737e-03
1.010180107996958823e-04 -3.872980148138683437e-05 2.098438218507150520e-03
1.009287818493188551e-04 -3.843060820193785831e-05 2.099387109826152380e-03
1.008926888132975335e-04 -3.817636910629522618e-05 2.100353577481407427e-03
1.008568976915538479e-04 -3.792179393517800201e-05 2.101319967898602342e-03
1.008212662467017308e-04 -3.766682748972579036e-05 2.102286261057746252e-03
1.007855261651316653e-04 -3.741133223607646425e-05 2.103252410450524596e-03
1.007493154224950151e-04 -3.715511486666447845e-05 2.104218351081144339e-03
1.007125931499353716e-04 -3.689824544776727251e-05 2.105184099184751953e-03
1.006751820585240393e-04 -3.664068897335613780e-05 2.106149637785302738e-03
1.006367815392189379e-04 -3.638232228347610222e-05 2.107114920906854889e-03
1.005970032533906930e-04 -3.612296493885434206e-05 2.108079882386247519e-03
1.005556204841238135e-04 -3.586255761801315496e-05 2.109044493571567754e-03
1.005139143808189640e-04 -3.560222669696769840e-05 2.110009110196194113e-03
1.004723420168751716e-04 -3.534244350993826259e-05 2.110973875252825874e-03
1.004257966388631679e-04 -3.507923051279113392e-05 2.111937489077166715e-03
1.003774908422799795e-04 -3.481526965695311645e-05 2.112900811762353538e-03
1.003275434531217546e-04 -3.455069019602733104e-05 2.113863880941418017e-03
1.003052369000582414e-04 -3.430839524241424096e-05 2.114832106506454347e-03
1.003019189025282744e-04 -3.408130320531553142e-05 2.115800404685041700e-03
1.001937106562989660e-04 -3.377228954676814133e-05 2.116744126620756679e-03
1.001429326511557724e-04 -3.350888127917102258e-05 2.117707473135649505e-03
1.000938923901969270e-04 -3.324693009368712658e-05 2.118671307021733046e-03
1.000462721886907595e-04 -3.298621389287582212e-05 2.119635547089636536e-03
9.999960028666906209e-05 -3.272641809450836669e-05 2.120600082061474632e-03
9.995344084304209420e-05 -3.246723844010179587e-05 2.121564807481962200e-03
9.990750905047170139e-05 -3.220843152763187253e-05 2.122529643865291547e-03
9.986131110886569111e-05 -3.194963591642369446e-05 2.123494470526259090e-03
9.981424567056840528e-05 -3.169044026892664539e-05 2.124459147617493732e-03
9.976565389478264483e-05 -3.143041420854986043e-05 2.125423525401449760e-03
9.971526883784604452e-05 -3.116930294701580700e-05 2.126387517591486146e-03
9.966263007273675097e-05 -3.090677053794244403e-05 2.127351002904465712e-03
9.960725572907366972e-05 -3.064249204470994453e-05 2.128313856816483381e-03
9.954962856296768498e-05 -3.037701173963958546e-05 2.129276249229441163e-03
9.949013814668165975e-05 -3.011068692298324873e-05 2.130238286609247630e-03
9.942473980979848038e-05 -2.984001720579487288e-05 2.131198733456794378e-03
9.938693664462216006e-05 -2.959286297351295243e-05 2.132164882150079741e-03
9.937526758426946970e-05 -2.936999683855453106e-05 2.133133148268906432e-03
9.924058747741140902e-05 -2.904988311015071706e-05 2.134069646413859229e-03
9.917010657891538530e-05 -2.877896471776865688e-05 2.135029664264766550e-03
9.910084523735032225e-05 -2.851029704979521253e-05 2.135990403246992159e-03
9.903258805044813542e-05 -2.824368064386171084e-05 2.136951785521827487e-03
9.896499075528428788e-05 -2.797884702012759915e-05 2.137913707127236072e-03
9.889798715177216160e-05 -2.771552225211828207e-05 2.138876084522377437e-03
9.883131845297301959e-05 -2.745335460843128896e-05 2.139838801131808271e-03
9.876463694490140890e-05 -2.719195243131802847e-05 2.140801725021591710e-03
9.869749658612479422e-05 -2.693090219734594961e-05 2.141764712487682996e-03
9.862959196974531114e-05 -2.666979248157629766e-05 2.142727630192335468e-03
9.856068490880446752e-05 -2.640820563407776075e-05 2.143690347054823427e-03
9.849239428679419140e-05 -2.614272028237590317e-05 2.144652009227519720e-03
9.843035297074824246e-05 -2.586342207423530302e-05 2.145610205363202190e-03
9.836278459024400198e-05 -2.558663147893849472e-05 2.146568742454689049e-03
9.828802667209293818e-05 -2.531838603275836540e-05 2.147529187831686420e-03
9.821359806598207651e-05 -2.504903200507952894e-05 2.148489342057022852e-03
9.815273770883757120e-05 -2.478997794139400855e-05 2.149451696312736776e-03
9.814995650100930902e-05 -2.458723943897968419e-05 2.150425810084464866e-03
9.798421292278711083e-05 -2.424551631135740955e-05 2.151349825087520325e-03
9.790353290187325135e-05 -2.396751248287503144e-05 2.152307010753829256e-03
9.782295425658787827e-05 -2.369076251564052876e-05 2.153264568250086962e-03
9.774231661997517925e-05 -2.341518502001387202e-05 2.154222458889335726e-03
9.766155352585312234e-05 -2.314062360060527878e-05 2.155180630727814191e-03
9.758071251150713559e-05 -2.286682340333262946e-05 2.156139013816297557e-03
9.749971808068049828e-05 -2.259353771963263356e-05 2.157097530807062548e-03
9.741845511572240631e-05 -2.232051802326414283e-05 2.158056100860906643e-03
9.733671392967159735e-05 -2.204756465633826869e-05 2.159014649145978189e-03
9.725460649345571841e-05 -2.177429679530583942e-05 2.159973076497790235e-03
9.717205881164706440e-05 -2.150043396626832710e-05 2.160931296163445380e-03
9.708898070660555409e-05 -2.122572878624005670e-05 2.161889228801967128e-03
9.700517324337936959e-05 -2.095005216486955563e-05 2.162846818748989132e-03
9.692067027631997558e-05 -2.067315469815088230e-05 2.163803995216271106e-03
9.683545697511522282e-05 -2.039485778691435273e-05 2.164760702714706685e-03
9.674946246692744272e-05 -2.011508313731332430e-05 2.165716909177266714e-03
9.667151935745566557e-05 -1.984265237962383376e-05 2.166675191274300069e-03
9.665300505810108466e-05 -1.963016056632633808e-05 2.167648936136242193e-03
9.646062060431882486e-05 -1.926690139894879751e-05 2.168559736529756914e-03
9.636379256613999511e-05 -1.898001523570480242e-05 2.169512794091481549e-03
9.626221361049671678e-05 -1.869154071361448543e-05 2.170464877298224939e-03
9.615602392993772185e-05 -1.840205122767544330e-05 2.171416149220710672e-03
9.604579104496220620e-05 -1.811180742960081711e-05 2.172366731284618591e-03
9.593200342729440717e-05 -1.782132362240674637e-05 2.173316821194186659e-03
9.581521904601682910e-05 -1.753117536792108742e-05 2.174266650041146998e-03
9.569596504316733756e-05 -1.724211478512045000e-05 2.175216503729119830e-03
9.557497797505333341e-05 -1.695467590519574233e-05 2.176166630343950425e-03
9.545300378585134810e-05 -1.666939172035589577e-05 2.177117279924192881e-03
9.533097483710082330e-05 -1.638611689227699119e-05 2.178068521728354547e-03
9.521209931118246946e-05 -1.609752573867810537e-05 2.179018565428670479e-03
9.509536092175259144e-05 -1.580890479209804742e-05 2.179968851193514554e-03
9.497626086729110012e-05 -1.553707544815876505e-05 2.180923797495128939e-03
9.485959658115301646e-05 -1.526884706533454856e-05 2.181880061611498646e-03
9.474575740991376060e-05 -1.500455485494016190e-05 2.182837760878071891e-03
9.464006054447863928e-05 -1.474868662389822274e-05 2.183798389703922593e-03
9.458051021269742783e-05 -1.452922687151744005e-05 2.184770102563072559e-03
9.436320483080095235e-05 -1.417503462222364575e-05 2.185678907239235053e-03
9.424731972473276704e-05 -1.391156289809944910e-05 2.186636586257077221e-03
9.412544835117198224e-05 -1.364250573179415265e-05 2.187591966914072261e-03
9.399808523149711596e-05 -1.336835504064165133e-05 2.188545181213241968e-03
9.386588141254791193e-05 -1.308971769712253469e-05 2.189496433942629203e-03
9.372955919490496364e-05 -1.280749331729012741e-05 2.190446046916529662e-03
9.358991256292233790e-05 -1.252280792234345357e-05 2.191394441728471230e-03
9.344779577023212738e-05 -1.223697047215602891e-05 2.192342122946772890e-03
9.330425390224933631e-05 -1.195089132247966107e-05 2.193289516433705004e-03
9.316027185120113248e-05 -1.166579327101365165e-05 2.194237138796955189e-03
9.301683606293354378e-05 -1.138290886790581023e-05 2.195185507017581236e-03
9.287482241335812344e-05 -1.110381444224011348e-05 2.196135211220037221e-03
9.273523745004371658e-05 -1.082932101940479020e-05 2.197086614954404677e-03
9.259893677241034463e-05 -1.056042560469986675e-05 2.198040091315565849e-03
9.246666794515994890e-05 -1.029804213922062073e-05 2.198995946880642934e-03
9.233902047268754878e-05 -1.004320230554948640e-05 2.199954468023834590e-03
9.221648393477842581e-05 -9.796436210909486152e-06 2.200915764587784481e-03
9.210568777884326375e-05 -9.552838107090065540e-06 2.201879291255610677e-03
9.189925618587987846e-05 -9.232925445986081895e-06 2.202803931376394984e-03
9.177102106193402945e-05 -8.987111396271720698e-06 2.203764658880384263e-03
9.163111078178664810e-05 -8.730855370799687421e-06 2.204721087255552374e-03
9.148687732325789005e-05 -8.472232738957756170e-06 2.205676236922039010e-03
9.133543057694439818e-05 -8.207626898777040014e-06 2.206628627222438459e-03
9.117791641702920112e-05 -7.938066826961391722e-06 2.207578641177145203e-03
9.101567098161800001e-05 -7.665242736996303783e-06 2.208526925582076847e-03
9.085025971193494052e-05 -7.390158587257276733e-06 2.209474009412504530e-03
9.068330796444401141e-05 -7.114191719627565581e-06 2.210420566011800196e-03
9.051647989232893096e-05 -6.838861146119886664e-06 2.211367329594012346e-03
9.035114219723786055e-05 -6.566356946915477262e-06 2.212315165389287189e-03
9.017896956353266670e-05 -6.313575704494465601e-06 2.213267241274952807e-03
9.001630938227015550e-05 -6.045690540842238292e-06 2.214216857004807151e-03
8.986416612339720271e-05 -5.790471707999679131e-06 2.215171692974686034e-03
8.971882727335344222e-05 -5.543314050229613558e-06 2.216129703342298307e-03
8.958123731849328879e-05 -5.305456839333656539e-06 2.217091205272027268e-03
8.945231046504311572e-05 -5.076508194673383027e-06 2.218056064555072593e-03
8.933219543277769940e-05 -4.841388388216595376e-06 2.219020507337192156e-03
8.916274982946345107e-05 -4.591391883797604428e-06 2.219973690221384039e-03
8.904638169970804235e-05 -4.378815361283156799e-06 2.220943878144580885e-03
8.892442667936351704e-05 -4.158827348025241998e-06 2.221911725267841902e-03
8.880694102226370935e-05 -3.946398296777757286e-06 2.222881813400704766e-03
8.868867077245929384e-05 -3.733705357385817352e-06 2.223851748366029082e-03
8.856968015752321054e-05 -3.521147908604137127e-06 2.224821624925319916e-03
8.845007336898766533e-05 -3.308983240143892027e-06 2.225791511698523364e-03
8.833000831333042801e-05 -3.097234508954840332e-06 2.226761432742319687e-03
8.820961144208309024e-05 -2.886186472769251234e-06 2.227731465355404974e-03
8.808900258102751724e-05 -2.676193648249533506e-06 2.228701700580913193e-03
8.796825908950872664e-05 -2.467852862665860665e-06 2.229672275163456074e-03
8.784757176604901790e-05 -2.261068626803953859e-06 2.230643189528491027e-03
8.772706137163795094e-05 -2.056105941250149528e-06 2.231614512006352500e-03
8.760683627187244426e-05 -1.853216624454204957e-06 2.232586304968033411e-03
8.748693948226008983e-05 -1.652905131516159818e-06 2.233558673103551266e-03
8.736749374814692013e-05 -1.455100698857843037e-06 2.234531609815068771e-03
8.724862278904254784e-05 -1.259277291091326938e-06 2.235505015212360062e-03
8.713099866616250307e-05 -1.053937941395276470e-06 2.236476602384558730e-03
8.700673950255324157e-05 -8.682501723543411965e-07 2.237451321737383807e-03
8.688814875325640203e-05 -6.789343614852351017e-07 2.238426050267911319e-03
8.676929377273756344e-05 -4.907190305433943116e-07 2.239400959719045452e-03
8.665020741857807338e-05 -3.035623751231058487e-07 2.240376044732699402e-03
8.653091866214812947e-05 -1.174602890416196227e-07 2.241351306821411093e-03
8.641141142705900343e-05 6.736190793687162878e-08 2.242326785548916495e-03
8.629180158688393718e-05 2.513158073565112308e-07 2.243302415819764875e-03
8.617213866824977606e-05 4.344720538690760083e-07 2.244278189643940900e-03
8.605247091478607029e-05 6.168933658382668355e-07 2.245254100532216145e-03
8.593268605149887113e-05 7.980462387167490505e-07 2.246230231326052599e-03
