# first line: diameter, stdev on diameter, fiber length; other lines: x, y, z coordinates
2.400000000000000061e-05 9.251343740955131401e-07 1.113963615199739608e-03
7.197001900348075896e-05 1.643667822746118870e-05 0.000000000000000000e+00
7.255917947891292713e-05 1.628748241010897571e-05 7.941187298396278825e-07
7.314121818607594667e-05 1.613678999737315131e-05 1.593172606034314994e-06
7.370862289623302660e-05 1.598219694061439066e-05 2.401941862221723425e-06
7.426060061438877376e-05 1.582320551560864502e-05 3.220482879713913842e-06
7.479938744233918411e-05 1.566095354501945974e-05 4.047131340336911107e-06
7.532463050188065764e-05 1.549473025604620620e-05 4.881660471779693471e-06
7.583494221424692415e-05 1.532310758995651131e-05 5.724320652591731643e-06
7.633129219644420327e-05 1.514588790161178242e-05 6.574138613427000819e-06
7.681553951780302123e-05 1.496316721373002182e-05 7.429754132166025712e-06
7.728757323306569070e-05 1.477392061637455325e-05 8.290750910795934315e-06
7.774683542425531147e-05 1.457694765309765707e-05 9.156909419200456190e-06
7.819505888180271929e-05 1.437220885703722419e-05 1.002704883150788232e-05
7.863417046118983402e-05 1.415976277211461329e-05 1.089998349249013697e-05
7.906445579316639374e-05 1.393905657104092883e-05 1.177525771715091541e-05
7.948596031015584679e-05 1.370966101138403322e-05 1.265256964119372414e-05
7.990057470701837487e-05 1.347207930633792914e-05 1.353099371565843586e-05
8.031037401127875692e-05 1.322703117892358098e-05 1.440962841831789700e-05
8.071825706490906821e-05 1.298113833137533759e-05 1.528892532958828909e-05
8.113079769562562258e-05 1.275507143145115292e-05 1.617122234076205140e-05
8.153961264384294394e-05 1.251943808588749563e-05 1.705267464846766103e-05
8.194535982839402553e-05 1.227131597927590508e-05 1.793233208757691696e-05
8.235442115342690250e-05 1.202831771034221716e-05 1.881188375669075641e-05
8.276601122780308402e-05 1.179058603371981270e-05 1.969169623051608188e-05
8.319864269217387915e-05 1.157456195679277176e-05 2.056672203766291441e-05
8.354862492808399241e-05 1.130525485885832764e-05 2.145944894108240135e-05
8.392021531163944476e-05 1.105121606826742568e-05 2.234963737218580759e-05
8.433139095140552912e-05 1.082716832788201144e-05 2.323322775879995810e-05
8.473828208029064496e-05 1.060438919668302349e-05 2.411911884355138106e-05
8.514164820824325619e-05 1.038307256678744033e-05 2.500698783097464665e-05
8.554191792041930737e-05 1.016329057927668372e-05 2.589663752196598475e-05
8.593900409608424889e-05 9.945011557825641940e-06 2.678808200051059076e-05
8.633170521885297037e-05 9.728241470317542663e-06 2.768183189603315404e-05
8.672036994201678169e-05 9.512990588971047433e-06 2.857771284393166350e-05
8.710553587044750324e-05 9.299187122279067207e-06 2.947544964174344322e-05
8.748709295144470246e-05 9.086713602538090987e-06 3.037504123641929127e-05
8.786448591571347985e-05 8.875528765507072920e-06 3.127668960021967744e-05
8.823707067546564503e-05 8.665702993397080627e-06 3.218065115310643075e-05
8.860525265665252664e-05 8.457048590111403423e-06 3.308668680739864043e-05
8.896920135445721806e-05 8.249361542248159261e-06 3.399465286740088819e-05
8.932872262098282272e-05 8.042508756994566258e-06 3.490457099734403521e-05
8.968298922292186506e-05 7.836753685843984157e-06 3.581679436814584443e-05
9.003207742861524460e-05 7.632013779179998793e-06 3.673124092991481048e-05
9.037632568477118819e-05 7.428014875538110432e-06 3.764768609479497783e-05
9.071572150341170471e-05 7.224637443944251810e-06 3.856607712028355779e-05
9.105006394158129544e-05 7.021957428049291396e-06 3.948647339399593371e-05
9.137887205771871250e-05 6.820545933533391717e-06 4.040913798652257048e-05
9.170258003689518017e-05 6.620126137113634331e-06 4.133382130056161620e-05
9.202149391031846568e-05 6.420502451503367411e-06 4.226034091716094151e-05
9.233568121579937573e-05 6.221752627093155496e-06 4.318866159416071579e-05
9.264499134105743695e-05 6.024545714298463178e-06 4.411894641315976912e-05
9.294963422800891790e-05 5.829207892050058231e-06 4.505116416217623635e-05
9.325008996440029908e-05 5.635518105855827276e-06 4.598508389808785956e-05
9.354668507258443756e-05 5.443521883695377975e-06 4.692058618476299290e-05
9.383968578120259799e-05 5.253482829133284070e-06 4.785761964038555747e-05
9.412921108705540700e-05 5.066828173832058198e-06 4.879641053728974928e-05
9.441583075358465427e-05 4.883330263304222565e-06 4.973671585382397840e-05
9.470005833086759986e-05 4.702831133846376774e-06 5.067832679233646222e-05
9.498228879809777439e-05 4.525673731981688561e-06 5.162117222636711884e-05
9.526293053428021523e-05 4.352884546303319876e-06 5.256530048634503713e-05
9.554250184166678840e-05 4.185275066473503648e-06 5.351067875323887036e-05
9.582152932636033428e-05 4.022631985182088066e-06 5.445708542329763053e-05
9.610048264710437593e-05 3.865027305342586392e-06 5.540436556098626034e-05
9.637981496277503251e-05 3.712874576098488918e-06 5.635242451075511927e-05
9.666018785389902110e-05 3.568129972385746077e-06 5.730133112722298448e-05
9.694205272735368696e-05 3.430538783449801380e-06 5.825086287265031116e-05
9.722578278309915536e-05 3.299734028349488462e-06 5.920079736587236728e-05
9.751178104133427786e-05 3.176082158432652401e-06 6.015100881529570942e-05
9.780065546835132735e-05 3.060991032568099572e-06 6.110142125551000416e-05
9.809289305307163347e-05 2.955095478600093401e-06 6.205187446786471672e-05
9.838865026490476882e-05 2.857845274135420339e-06 6.300216451748907301e-05
9.868803971576758168e-05 2.769063882416211603e-06 6.395214557532023130e-05
9.899124861931992987e-05 2.689376107272638172e-06 6.490171938341822628e-05
9.929844989044034180e-05 2.619909726801285569e-06 6.585080940481968608e-05
9.960940099129049366e-05 2.559807168663383705e-06 6.679932241863068877e-05
9.990494542597585343e-05 2.491063340114690974e-06 6.775204863805319106e-05
1.002099153666900143e-04 2.436376815352015825e-06 6.870260744920434794e-05
1.005259627286083176e-04 2.398827197478943018e-06 6.965059783639926719e-05
1.008427800350214461e-04 2.368375647791774127e-06 7.059859088669748553e-05
1.011601515405231047e-04 2.344012432304344144e-06 7.154657465176488939e-05
1.014779984702218307e-04 2.325699275103750568e-06 7.249453537727137931e-05
1.017962924538348435e-04 2.314901932976386184e-06 7.344245748659441683e-05
1.021148745284510581e-04 2.311167635946112945e-06 7.439034051612173975e-05
1.024335939155889095e-04 2.313500601171182308e-06 7.533818252971341968e-05
1.027523678694360797e-04 2.321725046336787659e-06 7.628597342132253012e-05
1.030710775616136017e-04 2.337035987761806632e-06 7.723369483171698129e-05
1.033895855610703443e-04 2.359377563611813005e-06 7.818134635312489378e-05
1.037078051085012990e-04 2.387805908563188472e-06 7.912893298820194662e-05
1.040256673496801226e-04 2.422009585384347338e-06 8.007644869840931665e-05
1.043429945922229909e-04 2.462942011596651483e-06 8.102387454943434932e-05
1.046596193865103176e-04 2.510897460543007056e-06 8.197120658107556095e-05
1.049755130360562955e-04 2.564981938138149722e-06 8.291845442087268376e-05
1.052906374013767052e-04 2.624766655679969787e-06 8.386561587263981698e-05
1.056047885932230173e-04 2.690959602258740973e-06 8.481267269050638013e-05
1.059177175241894604e-04 2.764206600390585053e-06 8.575961412294766200e-05
1.062294468046351761e-04 2.843665157541332517e-06 8.670645282056559631e-05
1.065399855500575568e-04 2.928788882823130449e-06 8.765319033418936387e-05
1.068491466517116820e-04 3.020004552455493118e-06 8.859981032726788844e-05
1.071565343280894667e-04 3.118357324268772302e-06 8.954629088565579920e-05
1.074622137969371129e-04 3.223061555335411587e-06 9.049264660280358118e-05
1.077662627609886922e-04 3.333435223025809206e-06 9.143888327975309156e-05
1.080685738881708813e-04 3.449556303609243657e-06 9.238498868825389498e-05
1.083685122531319241e-04 3.572962847400020565e-06 9.333092260112779487e-05
1.086661738000935587e-04 3.702935249037744226e-06 9.427670077370837955e-05
1.089617362992303695e-04 3.838620334249390473e-06 9.522233484693447226e-05
1.092551095081634930e-04 3.980038686783610456e-06 9.616781054588999852e-05
1.095457236611747080e-04 4.128409012496836721e-06 9.711306931028600251e-05
1.098336273496984793e-04 4.283617595957879421e-06 9.805806183954794296e-05
1.101191873341282791e-04 4.444852992717589526e-06 9.900275738754692396e-05
1.104025147400800727e-04 4.611925490823663921e-06 9.994711078526022146e-05
1.106834235667748453e-04 4.785445445693537402e-06 1.008910223100800869e-04
1.109617074894447657e-04 4.966153678508402606e-06 1.018343611796798204e-04
1.112376944713553063e-04 5.153314959923897815e-06 1.027771192216924367e-04
1.115116158329474051e-04 5.346406967731519396e-06 1.037192834352501110e-04
1.117835006495666817e-04 5.545449429302977686e-06 1.046607989928731696e-04
1.120529382800214180e-04 5.751853740857539808e-06 1.056014283024802138e-04
1.123201494550342812e-04 5.965156054634653954e-06 1.065411572055008095e-04
1.125854549176368930e-04 6.184531993932179394e-06 1.074800277820339104e-04
1.128489138325002592e-04 6.409916704417153412e-06 1.084179946557703613e-04
1.131104005103700331e-04 6.641885384297808542e-06 1.093549060959423601e-04
1.133697790443015266e-04 6.881140229917624876e-06 1.102905692405668769e-04
1.136273221951770881e-04 7.126954097851650490e-06 1.112250411630347251e-04
1.138832243985063891e-04 7.378805813687161614e-06 1.121583554018593695e-04
1.141375238046370431e-04 7.636698933880462292e-06 1.130904571309555693e-04
1.143899792868657427e-04 7.901804778593310644e-06 1.140210318714284817e-04
1.146407132033127734e-04 8.173920988928973331e-06 1.149500498401857866e-04
1.148899796872919477e-04 8.452251852293187531e-06 1.158776213231715711e-04
1.151378647770668560e-04 8.736616249693590701e-06 1.168037317811914966e-04
1.153843594258237851e-04 9.027254541167112090e-06 1.177282637009086520e-04
1.156292972264332582e-04 9.325274045929832190e-06 1.186508545000894448e-04
1.158728907184874973e-04 9.629983758589938831e-06 1.195716177494710947e-04
1.161153334878868776e-04 9.940689809712022830e-06 1.204906792429415760e-04
1.163566689470771430e-04 1.025737939856330682e-05 1.214079881846230629e-04
1.165968153326447758e-04 1.058082434799596241e-05 1.223232475671275792e-04
1.168357947825628173e-04 1.091132822760895067e-05 1.232362882907360479e-04
1.170737952666665751e-04 1.124813621016939282e-05 1.241472806248382430e-04
1.173109263345097363e-04 1.159085486785445733e-05 1.250562931049447918e-04
1.175472324755306519e-04 1.193946281527371880e-05 1.259632786893919170e-04
1.177826082469213948e-04 1.229527610900977083e-05 1.268677003582374858e-04
1.180171909065460563e-04 1.265777992157753213e-05 1.277696717908281148e-04
1.182511299639928045e-04 1.302612811355722350e-05 1.286694402667530786e-04
1.184844623244677846e-04 1.340017648927290532e-05 1.295670121318733068e-04
1.187171601106658096e-04 1.378026880915032532e-05 1.304622054483300052e-04
1.189491794122738853e-04 1.416685730506798145e-05 1.313547885051642684e-04
1.191806123065775324e-04 1.455908663628341583e-05 1.322450625859262607e-04
1.194115271290935613e-04 1.495631513282508855e-05 1.331332524252840587e-04
1.196419395721228787e-04 1.535840282998245931e-05 1.340193840496885409e-04
1.198717733740561388e-04 1.576614213963275075e-05 1.349030778686008012e-04
1.201010807441316440e-04 1.617909691578741258e-05 1.357844860246899083e-04
1.203299489773542239e-04 1.659646604184910246e-05 1.366639275091792991e-04
1.205584075762775715e-04 1.701799920048562687e-05 1.375414876105667818e-04
1.207864425655524887e-04 1.744390828551672679e-05 1.384170421564671731e-04
1.210140377297408036e-04 1.787449120436505721e-05 1.392904220302813303e-04
1.212412678742600189e-04 1.830907589342121707e-05 1.401619144160918661e-04
1.214681881050473498e-04 1.874716091569898730e-05 1.410317335496782335e-04
1.216948170715482824e-04 1.918862329875898047e-05 1.418999196488034988e-04
1.219211195626175652e-04 1.963407627517940179e-05 1.427661490550180383e-04
1.221471520935596921e-04 2.008304041603723716e-05 1.436306360878241827e-04
1.223729765823973199e-04 2.053490765409380522e-05 1.444936638903544074e-04
1.225986151867825317e-04 2.098952756004857605e-05 1.453552936403198570e-04
1.228240698160351434e-04 2.144714530994312456e-05 1.462153827624903450e-04
1.230493685424250327e-04 2.190770438001920194e-05 1.470739417262055136e-04
1.232745598410685630e-04 2.237070233530379394e-05 1.479312166609165471e-04
1.234996738074486706e-04 2.283585691833657275e-05 1.487873437487260682e-04
1.237247294964233615e-04 2.330317360977938150e-05 1.496423078576794412e-04
1.239497567770418457e-04 2.377282925211921763e-05 1.504959966452485635e-04
1.241747917011281927e-04 2.424441231731390111e-05 1.513486207567619536e-04
1.243998599620745320e-04 2.471758074059017307e-05 1.522003573332483719e-04
1.246249814931223632e-04 2.519223274778399280e-05 1.530512539960409107e-04
1.248502107802257647e-04 2.566855733892246569e-05 1.539011867320878705e-04
1.250755750214615353e-04 2.614625494945269657e-05 1.547503130749067863e-04
1.253010856809767977e-04 2.662500071735985347e-05 1.555988100482564012e-04
1.255267617464371043e-04 2.710468295813748879e-05 1.564467339816308714e-04
1.257526687188304708e-04 2.758531559700476849e-05 1.572940579936114749e-04
1.259788469103934375e-04 2.806672871166962846e-05 1.581408665140887539e-04
1.262052941561773913e-04 2.854867937218149212e-05 1.589872973231092220e-04
1.264320197196345608e-04 2.903103264211355069e-05 1.598334242479946307e-04
1.266590857540912684e-04 2.951370311311487352e-05 1.606792789433418925e-04
1.268865669021006931e-04 2.999653627344997232e-05 1.615249292336417685e-04
1.271144485493339634e-04 3.047936159586097136e-05 1.623704761738065539e-04
1.273427218255936968e-04 3.096206321146892934e-05 1.632159881011967315e-04
1.275714316274559606e-04 3.144452449279682224e-05 1.640615192190303059e-04
1.278007070629583837e-04 3.192650334398101659e-05 1.649071722122516731e-04
1.280305224059013667e-04 3.240789283831040183e-05 1.657530143479304604e-04
1.282608427413549400e-04 3.288863411265035587e-05 1.665990877425713960e-04
1.284916881314570355e-04 3.336863368623608985e-05 1.674454390834450386e-04
1.287232462131227733e-04 3.384748975689058360e-05 1.682922431231505527e-04
1.289554902688440916e-04 3.432513621540093880e-05 1.691395424368860524e-04
1.291883559197156805e-04 3.480160017157130309e-05 1.699873367523242924e-04
1.294218595517034206e-04 3.527679249074721902e-05 1.708356690904263881e-04
1.296561712733623208e-04 3.575027475198938376e-05 1.716847340824351296e-04
1.298913175361748515e-04 3.622189146345151733e-05 1.725346063403239633e-04
1.301272230193076479e-04 3.669173145573718464e-05 1.733852519914967822e-04
1.303638784021100405e-04 3.715975954637952154e-05 1.742366877623014593e-04
1.306014193504262020e-04 3.762557223717626352e-05 1.750890908488875663e-04
1.308399482017554743e-04 3.808881785112531592e-05 1.759426160895909955e-04
1.310793808924009629e-04 3.854963782430176328e-05 1.767972009743962181e-04
1.313196735542033729e-04 3.900809067511955643e-05 1.776528169334111494e-04
1.315609088518783531e-04 3.946388866674897810e-05 1.785095849114557039e-04
1.318032894947433612e-04 3.991636425187299660e-05 1.793677885909324555e-04
1.320467251508446475e-04 4.036570151154988332e-05 1.802273423440444236e-04
1.322911278335683948e-04 4.081209767577110518e-05 1.810881531047793818e-04
1.325365161474255740e-04 4.125544514941262189e-05 1.819502579620457176e-04
1.327831972764695258e-04 4.169469384291871167e-05 1.828140881789819673e-04
1.330310892081695861e-04 4.213002137418111646e-05 1.836795568082553608e-04
1.332800556081120528e-04 4.256179650326764652e-05 1.845464952523191671e-04
1.335301089795312408e-04 4.298992237088994394e-05 1.854149292622153645e-04
1.337814832333234177e-04 4.341352523045511561e-05 1.862851961618249659e-04
1.340342183638493527e-04 4.383237421327782700e-05 1.871573683890504359e-04
1.342881736913373130e-04 4.424687561938466012e-05 1.880312621440877034e-04
1.345432786263121698e-04 4.465714053024818743e-05 1.889068185779010163e-04
1.347995634325698953e-04 4.506271380792933271e-05 1.897842133792839662e-04
1.350568399767808282e-04 4.546321628831894194e-05 1.906636446001569571e-04
1.353146654139865380e-04 4.585942819797900297e-05 1.915448586491974602e-04
1.355727203577839846e-04 4.625192178764370063e-05 1.924276682309603449e-04
1.358307871523992572e-04 4.664082969488700045e-05 1.933120599512436579e-04
1.360884293955817834e-04 4.702551493055887017e-05 1.941984186235604310e-04
1.363453275847703551e-04 4.740664237120520549e-05 1.950865303740370290e-04
1.366012757459488360e-04 4.778489153574234813e-05 1.959761457513038436e-04
1.368560570447705513e-04 4.816041646029636976e-05 1.968672490136050756e-04
1.371091059314912040e-04 4.853298446866455680e-05 1.977600845984055146e-04
1.373600127611987270e-04 4.890285023920810015e-05 1.986546470155285151e-04
1.376087041978307725e-04 4.927056935504229364e-05 1.995507121599991566e-04
1.378550409179648043e-04 4.963642318839286776e-05 2.004481900851800343e-04
1.380985646839497376e-04 5.000046498220021352e-05 2.013471708054991071e-04
1.383384385382672261e-04 5.036273619681886932e-05 2.022478455572828456e-04
1.385746908238986606e-04 5.072367351199824311e-05 2.031500128072272345e-04
1.388073871826879166e-04 5.108360732021861606e-05 2.040535040454519351e-04
1.390363031032111380e-04 5.144269433894364726e-05 2.049582968740873098e-04
1.392601092941888436e-04 5.180103002964505163e-05 2.058646620184646444e-04
1.394787487112926527e-04 5.215893014333101394e-05 2.067724607891580286e-04
1.396925484415687880e-04 5.251667237195339877e-05 2.076814736798653300e-04
1.399013462983378256e-04 5.287441899389343637e-05 2.085916465046440589e-04
1.401041599921914235e-04 5.323239356964273145e-05 2.095030798386729887e-04
1.403001584773148436e-04 5.359089654807835165e-05 2.104157947442749851e-04
1.404897444654263066e-04 5.395010307072418000e-05 2.113295884705419174e-04
1.406730971090757040e-04 5.431014105394558274e-05 2.122443260959068110e-04
1.408498421631797616e-04 5.467118364825413455e-05 2.131599671046864098e-04
1.410180014009709164e-04 5.503375503224570243e-05 2.140766144306936085e-04
1.411780312826484509e-04 5.539794625290326148e-05 2.149940795604370232e-04
1.413306044147656366e-04 5.576375337672180750e-05 2.159121715082655860e-04
1.414754999723779347e-04 5.613130944409943561e-05 2.168308081051082976e-04
1.416109551063534570e-04 5.650115459132495709e-05 2.177499599811466503e-04
1.417365360301757850e-04 5.687353805311119601e-05 2.186694910369220098e-04
1.418530924145755567e-04 5.724834699297033869e-05 2.195892269551433869e-04
1.419608564046100725e-04 5.762555553708643730e-05 2.205090537601993349e-04
1.420589556993903137e-04 5.800537692780817039e-05 2.214288836364127335e-04
1.421461312386575052e-04 5.838794297069997306e-05 2.223486728617855824e-04
1.422236831465281670e-04 5.877270528888280343e-05 2.232684150260334148e-04
1.422926441007642598e-04 5.915924313787744002e-05 2.241880972480999289e-04
1.423530996119650360e-04 5.954739058275796749e-05 2.251077002254274983e-04
1.424028562885360861e-04 5.993727047009973920e-05 2.260272025176031743e-04
1.424431002254329789e-04 6.032845452721666854e-05 2.269466262005370130e-04
1.424752355948128444e-04 6.072054734976206673e-05 2.278659821654942805e-04
1.424993516452037381e-04 6.111339300709969216e-05 2.287852622869999660e-04
1.425138883446293119e-04 6.150688602342500172e-05 2.297044612295515490e-04
1.425191509482392007e-04 6.190074988551497116e-05 2.306236056780916694e-04
1.425164332722370195e-04 6.229471810467271408e-05 2.315427184526390426e-04
1.425061382965330870e-04 6.268862525363670093e-05 2.324618039133619009e-04
1.424872431921630827e-04 6.308224343980068359e-05 2.333808731676460346e-04
1.424593374850879435e-04 6.347528283293708167e-05 2.342999612772745104e-04
1.424236074665525393e-04 6.386759132494039223e-05 2.352190941925402139e-04
1.423807044705860077e-04 6.425905298086910446e-05 2.361382814362209209e-04
1.423300550507556217e-04 6.464940635599553478e-05 2.370575439365549134e-04
1.422706638207859155e-04 6.503821145466700496e-05 2.379769369589739079e-04
1.422036170955935446e-04 6.542541645554583447e-05 2.388964834324287432e-04
1.421297633046247281e-04 6.581100244761365573e-05 2.398161887359199682e-04
1.420489234913315619e-04 6.619475500962107670e-05 2.407360726795177255e-04
1.419596012910954335e-04 6.657595976243400231e-05 2.416562264067760363e-04
1.418627881001016764e-04 6.695465128437721450e-05 2.425766659571805040e-04
1.417594972926884559e-04 6.733094989088080388e-05 2.434973827445619454e-04
1.416497824822452161e-04 6.770471299376797677e-05 2.444183891660521839e-04
1.415320217602622792e-04 6.807497085257220310e-05 2.453398116267797987e-04
1.414069323476096064e-04 6.844174722861605007e-05 2.462616662188629605e-04
1.412755864459870462e-04 6.880530524519053615e-05 2.471839257576661044e-04
1.411381069848795223e-04 6.916552978666772099e-05 2.481065992715377746e-04
1.409933359588636307e-04 6.952148868392137341e-05 2.490298082688905150e-04
1.408413989150232224e-04 6.987293081474218971e-05 2.499535986473882501e-04
1.406832671627265472e-04 7.022019377870189461e-05 2.508779313509883462e-04
1.405192672228341121e-04 7.056328946258132726e-05 2.518027974727974055e-04
1.403487270597397979e-04 7.090147209288133901e-05 2.527282870835408828e-04
1.401711670953187524e-04 7.123411832650135050e-05 2.536544619922378898e-04
1.399874773992707498e-04 7.156180697819223787e-05 2.545812123325684462e-04
1.397982216405258438e-04 7.188493216025152637e-05 2.555084450350525319e-04
1.396032653341344092e-04 7.220332731333022069e-05 2.564361322087223998e-04
1.394015226025586019e-04 7.251600038186821083e-05 2.573643100477725557e-04
1.391937891508615132e-04 7.282354866995421417e-05 2.582928841444243669e-04
1.389808591041598014e-04 7.312658612103749181e-05 2.592217642614265687e-04
1.387628018565516274e-04 7.342512092145443172e-05 2.601509129959829686e-04
1.385386589884055454e-04 7.371822660981862548e-05 2.610803379795527792e-04
1.383087316682366495e-04 7.400609066760829120e-05 2.620099915809814459e-04
1.380738355192013015e-04 7.428938096152673553e-05 2.629398091330577129e-04
1.378342102422811400e-04 7.456826151646250573e-05 2.638697531265265465e-04
1.375894493494639694e-04 7.484228365172392104e-05 2.647998022336240103e-04
1.373391677781396285e-04 7.511099149529118773e-05 2.657299319371273796e-04
1.370840782485324542e-04 7.537499420917830940e-05 2.666601057204219440e-04
1.368246709886304245e-04 7.563470670383489803e-05 2.675902932600687399e-04
1.365610181567382072e-04 7.589014533119754985e-05 2.685204706724884081e-04
1.362921456485809938e-04 7.614022660546293628e-05 2.694506056721045011e-04
1.360186715161648696e-04 7.638550090884051018e-05 2.703806835440391567e-04
1.357412975383741067e-04 7.662662614783069548e-05 2.713106915652076364e-04
1.354601026822538747e-04 7.686362902361023003e-05 2.722406119398643231e-04
1.351745854270060569e-04 7.709588191294439890e-05 2.731704117121324738e-04
1.348847624637934282e-04 7.732330550217540136e-05 2.741000741316371300e-04
1.345912437703317328e-04 7.754650001023931404e-05 2.750296033730488835e-04
1.342943228297246213e-04 7.776573349571568852e-05 2.759589948051536482e-04
1.339938943858950190e-04 7.798081221070889515e-05 2.768882293093723082e-04
1.336894919365629779e-04 7.819107029872458890e-05 2.778172721541878848e-04
1.333816397723272540e-04 7.839704882189313102e-05 2.787461394422417879e-04
1.330707997829264349e-04 7.859923923939429735e-05 2.796748440480001049e-04
1.327570493194931811e-04 7.879767423934173768e-05 2.806033800279253442e-04
1.324398671852216182e-04 7.899156486169381288e-05 2.815317080900320962e-04
1.321195375752045524e-04 7.918117617569333687e-05 2.824598412658130210e-04
1.317965592512307708e-04 7.936708869190676574e-05 2.833878052031394237e-04
1.314710760954959548e-04 7.954942791510533442e-05 2.843156030239814345e-04
1.311428738487648048e-04 7.972778560701361018e-05 2.852432160166414434e-04
1.308118763554230897e-04 7.990191534264405398e-05 2.861706391221966600e-04
1.304785066401084267e-04 8.007234097238124517e-05 2.870979017595652323e-04
1.301430288204183730e-04 8.023937959874934069e-05 2.880250204769915431e-04
1.298054536813977693e-04 8.040295795848003150e-05 2.889519947477628046e-04
1.294654620188492801e-04 8.056238405799418011e-05 2.898788079836920836e-04
1.291234102823067759e-04 8.071812889416603342e-05 2.908054908068855222e-04
1.287796377065615833e-04 8.087067482175449608e-05 2.917320690082621086e-04
1.284342149786654274e-04 8.102005657584149853e-05 2.926585490902349255e-04
1.280869072236290589e-04 8.116564718312578846e-05 2.935849268775910632e-04
1.277378939882169780e-04 8.130762504110825278e-05 2.945112254196655859e-04
1.273874884408314468e-04 8.144649079574698563e-05 2.954374704150136482e-04
1.270358086317076069e-04 8.158238015186549123e-05 2.963636739667271079e-04
1.266827862357964164e-04 8.171495402716607486e-05 2.972898467803421403e-04
1.263284419057617534e-04 8.184401387838407605e-05 2.982160111479892350e-04
1.259730294508463924e-04 8.197001048811858239e-05 2.991421886791928919e-04
1.256167103662867064e-04 8.209321690493048753e-05 3.000683932668614189e-04
1.252595190948093339e-04 8.221354377902375624e-05 3.009946403655417465e-04
1.249014101391607951e-04 8.233047131350252788e-05 3.019209678728913262e-04
1.245425854343476752e-04 8.244440392952819766e-05 3.028473924645086143e-04
1.241832148082626624e-04 8.255573019879140426e-05 3.037739223368402788e-04
1.238233632616529733e-04 8.266448317475177520e-05 3.047005711899584838e-04
1.234630371397827113e-04 8.277009896545123996e-05 3.056273978104339468e-04
1.231023763890678503e-04 8.287281537424690979e-05 3.065544207873020896e-04
1.227415180115972902e-04 8.297305512301074979e-05 3.074816380604465660e-04
1.223805332151828133e-04 8.307090190620289511e-05 3.084090617334780786e-04
1.220195019853794236e-04 8.316601796229576376e-05 3.093367510153488759e-04
1.216585419086727948e-04 8.325835517959194975e-05 3.102647488410343571e-04
1.212977427818336676e-04 8.334829162129695065e-05 3.111930452657540630e-04
1.209371688819880358e-04 8.343601253286616205e-05 3.121216411701778254e-04
1.205769191436774482e-04 8.352137837953879011e-05 3.130505821647347605e-04
1.202171686941204041e-04 8.360409601316358701e-05 3.139799558931985631e-04
1.198579669090778298e-04 8.368450173867338863e-05 3.149097450748596008e-04
1.194993412473569665e-04 8.376286664535183865e-05 3.158399308149161889e-04
1.191413554784122260e-04 8.383922164779405322e-05 3.167705301081397487e-04
1.187843160286195941e-04 8.391306974523924137e-05 3.177016945024550430e-04
1.184281913930340153e-04 8.398468601732103514e-05 3.186333839927256071e-04
1.180728710676662567e-04 8.405438342897554637e-05 3.195655259884787997e-04
1.177183470947365925e-04 8.412216563185368325e-05 3.204981123357437413e-04
1.173647594953602491e-04 8.418766584252019756e-05 3.214312167267881605e-04
1.170120912448153572e-04 8.425089128916419233e-05 3.223648260432822299e-04
1.166602170795728887e-04 8.431212342238628599e-05 3.232988679043137048e-04
1.163090917825679559e-04 8.437145489319293370e-05 3.242333141623908693e-04
1.159587838997075193e-04 8.442868556689181534e-05 3.251681979504342842e-04
1.156093670064561066e-04 8.448358728380150244e-05 3.261035546085616090e-04
1.152607287085464442e-04 8.453642112500199513e-05 3.270393211175495946e-04
1.149127907282952195e-04 8.458736954880771469e-05 3.279754527659580160e-04
1.145655573129059735e-04 8.463639944328271139e-05 3.289119483705137755e-04
1.142191826034701443e-04 8.468304673377441817e-05 3.298488831319012571e-04
1.138735663325355675e-04 8.472755211127670414e-05 3.307862025741425873e-04
1.135286010446418605e-04 8.477018802821923208e-05 3.317238486731484350e-04
1.131842780444052953e-04 8.481095723121097254e-05 3.326618138259641844e-04
1.128407138500746163e-04 8.484948003679098445e-05 3.336001517489469901e-04
1.124978782914745731e-04 8.488580206914615072e-05 3.345388441310895734e-04
1.121556680930435877e-04 8.492019861440905165e-05 3.354778372992410496e-04
1.118140499782402662e-04 8.495274520149314658e-05 3.364171119668611719e-04
1.114730795175713417e-04 8.498323288758546001e-05 3.373566908247911710e-04
1.111328023012094288e-04 8.501146581095621660e-05 3.382965913347004729e-04
1.107931268829128081e-04 8.503769846934513892e-05 3.392367677023914877e-04
1.104539927187315264e-04 8.506209849487721846e-05 3.401771887823317733e-04
1.101154027489348411e-04 8.508462627432669678e-05 3.411178526038107341e-04
1.097774663172582750e-04 8.510484641412183258e-05 3.420588034518316604e-04
1.094401029216590925e-04 8.512299278718837153e-05 3.430000025933431724e-04
1.091032293895546895e-04 8.513932436435309810e-05 3.439414104135100946e-04
1.087668365740601970e-04 8.515384433431467991e-05 3.448830197966518780e-04
1.084310069844410262e-04 8.516618520815332914e-05 3.458248609645095937e-04
1.080957128879897570e-04 8.517639398549861651e-05 3.467669186451318949e-04
1.077608745266627139e-04 8.518473706935853970e-05 3.477091568713096444e-04
1.074264648830760833e-04 8.519128694804939221e-05 3.486515615108283462e-04
1.070925192471761507e-04 8.519584609992486395e-05 3.495941422508653845e-04
1.067590658112748720e-04 8.519822091135377811e-05 3.505369051904837457e-04
1.064260352434411548e-04 8.519865709773549668e-05 3.514798207160647436e-04
1.060933809645932615e-04 8.519731887550468672e-05 3.524228682135357549e-04
1.057611001885585460e-04 8.519417604534683646e-05 3.533660430704963114e-04
1.054292638129872940e-04 8.518879813728182256e-05 3.543093639304368647e-04
1.050978119589726325e-04 8.518141047560711407e-05 3.552528067504523782e-04
1.047666835878730945e-04 8.517226755022186293e-05 3.561963477813578872e-04
1.044358692534270088e-04 8.516137285787549508e-05 3.571399803658456573e-04
1.041054149544052892e-04 8.514838277838092373e-05 3.580837123070623263e-04
1.037752989164440753e-04 8.513332811230700427e-05 3.590275321362342096e-04
1.034454655438928880e-04 8.511646511868842658e-05 3.599714203065142019e-04
1.031158930067854664e-04 8.509786988120680905e-05 3.609153670509295366e-04
1.027865957302021087e-04 8.507736455875271840e-05 3.618593701701960561e-04
1.024575852066783485e-04 8.505474520439275724e-05 3.628034249026406625e-04
1.021288146564413408e-04 8.503024786047948659e-05 3.637475165930239857e-04
1.018002514691735631e-04 8.500403805380023811e-05 3.646916344862328628e-04
1.014718880529321126e-04 8.497610023207889717e-05 3.656357723168389049e-04
1.011437553371460104e-04 8.494600069793737729e-05 3.665799235788999512e-04
1.008158143399055020e-04 8.491395566437538527e-05 3.675240777787022479e-04
1.004880270041833581e-04 8.488021817290400557e-05 3.684682263806723966e-04
1.001603837065211767e-04 8.484479192410356702e-05 3.694123631251487174e-04
9.983289544834093973e-05 8.480735945559112279e-05 3.703564760161007392e-04
9.950554399954722191e-05 8.476793152843220059e-05 3.713005552727304914e-04
9.917829812702812838e-05 8.472675402140216188e-05 3.722445965369455823e-04
9.885114236713403836e-05 8.468390800113108645e-05 3.731885947822739347e-04
9.852407255775069510e-05 8.463923529408173157e-05 3.741325380245512366e-04
9.819707994177956378e-05 8.459252116122083361e-05 3.750764090925468508e-04
9.787014040514245138e-05 8.454399198465387762e-05 3.760202071809108496e-04
9.754323691203656288e-05 8.449381469864795946e-05 3.769639315698040060e-04
9.721635979469299351e-05 8.444198638317907464e-05 3.779075758601760848e-04
9.688949578650695533e-05 8.438807260064091836e-05 3.788511075127513417e-04
9.656262686208798263e-05 8.433228068218110221e-05 3.797945286042710080e-04
9.623573980279643224e-05 8.427486119494730446e-05 3.807378457531115576e-04
9.590882490531449725e-05 8.421581796861332648e-05 3.816810530156018169e-04
9.558186053277273038e-05 8.415485576372955386e-05 3.826241208318056355e-04
9.525483027567590905e-05 8.409197161331017159e-05 3.835670397138219345e-04
9.492774126265942952e-05 8.402740844637173639e-05 3.845098248364974447e-04
9.460060625697335693e-05 8.396126036712985203e-05 3.854524841295545287e-04
9.427343866102866755e-05 8.389340050888533852e-05 3.863950103456477761e-04
9.394626271359219813e-05 8.382363938157527292e-05 3.873373947644598585e-04
9.361910265451462169e-05 8.375220718207333022e-05 3.882796597018958675e-04
9.329197559630080568e-05 8.367927787857958554e-05 3.892218214137612071e-04
9.296489630733594108e-05 8.360486694591393714e-05 3.901638838579752646e-04
9.263790785028430219e-05 8.352860063647713656e-05 3.911058291923492133e-04
9.231102589596502353e-05 8.345068447810644605e-05 3.920476767352423569e-04
9.198425690012071605e-05 8.337135965240959122e-05 3.929894458890698084e-04
9.165761545531103010e-05 8.329064229705138492e-05 3.939311409715850793e-04
9.133114911794204440e-05 8.320830261451293646e-05 3.948727561749639501e-04
9.100488552173807439e-05 8.312435677106772523e-05 3.958142999163954045e-04
9.067882211053614292e-05 8.303902128422204073e-05 3.967557881533398932e-04
9.035296549439168919e-05 8.295238141128704939e-05 3.976972288579313825e-04
9.002735376221115884e-05 8.286433704285029226e-05 3.986386239297687317e-04
8.970204656062350998e-05 8.277473715420345939e-05 3.995799774590349943e-04
8.937703393083389969e-05 8.268377487277570655e-05 4.005213022121138777e-04
8.905230684068854603e-05 8.259159608234099392e-05 4.014626071741628352e-04
8.872788026426210934e-05 8.249821456109596336e-05 4.024038972128479784e-04
8.840386555775367233e-05 8.240333493228568578e-05 4.033451791255996560e-04
8.808024691586398627e-05 8.230712866186090627e-05 4.042864628242960980e-04
8.775699214219919830e-05 8.220979348556394200e-05 4.052277554960655300e-04
8.743411550221863275e-05 8.211134533951828043e-05 4.061690622062970324e-04
8.711171173905205370e-05 8.201160209608875052e-05 4.071103945527949192e-04
8.678980871958022047e-05 8.191058691647639094e-05 4.080517627024682803e-04
8.646836750855693839e-05 8.180847682618076690e-05 4.089931705762414648e-04
8.614738237188984801e-05 8.170534104193677470e-05 4.099346222552775060e-04
8.582691651814028627e-05 8.160110075557416539e-05 4.108761291455119533e-04
8.550706167522450433e-05 8.149565008369708354e-05 4.118177089795797201e-04
8.518777410521669122e-05 8.138914555253750065e-05 4.127593628233659252e-04
8.486902033582813124e-05 8.128170236310678536e-05 4.137010908774114873e-04
8.455081873336064415e-05 8.117332985169741898e-05 4.146428991743530360e-04
8.423334413210575118e-05 8.106381505096287130e-05 4.155848205418228940e-04
8.391654949847943427e-05 8.095329565872200130e-05 4.165268536452135608e-04
8.360036627125323511e-05 8.084192443713680571e-05 4.174689918323334892e-04
8.328480859775470955e-05 8.072971715530359972e-05 4.184112405405576219e-04
8.297002178628834967e-05 8.061653855919032865e-05 4.193536308232373639e-04
8.265602905158584682e-05 8.050242013749586147e-05 4.202961727226421401e-04
8.234275523950670820e-05 8.038749954857564309e-05 4.212388564074266858e-04
8.203018456883226256e-05 8.027182953239261020e-05 4.221816818294220125e-04
8.171840919038415125e-05 8.015535349671392329e-05 4.231246712853290641e-04
8.140754750379733276e-05 8.003800962192116118e-05 4.240678547404793807e-04
8.109752206010578408e-05 7.991991780375692282e-05 4.250112201519278704e-04
8.078827743191766225e-05 7.980116308835833307e-05 4.259547586140859728e-04
8.047983918113679790e-05 7.968175274028180711e-05 4.268984782517667390e-04
8.017244033892832907e-05 7.956155306398224520e-05 4.278424366680000997e-04
7.986600266897465774e-05 7.944066783199521520e-05 4.287866201572019154e-04
7.956042366325162020e-05 7.931920618492025626e-05 4.297310079397242185e-04
7.925571756888863937e-05 7.919718383962088865e-05 4.306756054653265763e-04
7.895208332768019054e-05 7.907451594298377999e-05 4.316204643887479060e-04
7.864953542058754430e-05 7.895123754847566491e-05 4.325655923523483680e-04
7.834796250878076713e-05 7.882744669284784075e-05 4.335109649416317131e-04
7.798588195181257240e-05 7.871058509861630947e-05 4.344344863652613601e-04
7.764920728848913648e-05 7.859026498510990918e-05 4.353671854822631013e-04
7.734085590061800012e-05 7.846609522965218434e-05 4.363103116990632905e-04
7.702500826949187766e-05 7.834245687799057552e-05 4.372510239106327428e-04
7.670189640389583701e-05 7.821938160348590268e-05 4.381893405744761343e-04
7.637199204172383812e-05 7.809683679895654902e-05 4.391253612251752136e-04
7.603614146684475081e-05 7.797470184339913536e-05 4.400593202198262643e-04
7.569490810813530365e-05 7.785297356113818660e-05 4.409913796674990523e-04
7.534893057214749458e-05 7.773163340382420092e-05 4.419217403279001254e-04
7.499117250096267936e-05 7.761087363979567633e-05 4.428476781565558783e-04
7.463378134027893714e-05 7.749016735822652547e-05 4.437737877959183519e-04
7.427776475549053615e-05 7.736942770628103393e-05 4.447004332720608829e-04
7.391943177805288174e-05 7.724874858812181861e-05 4.456261940485420651e-04
7.355989531200769630e-05 7.712802354060255662e-05 4.465514825583174162e-04
7.320049188078423571e-05 7.700711461149491264e-05 4.474767987684383111e-04
7.284260320890026061e-05 7.688589264388180525e-05 4.484026604622819590e-04
7.248731359886693916e-05 7.676426998432451436e-05 4.493294694843544897e-04
7.213574665467996458e-05 7.664214889480676482e-05 4.502576303567337387e-04
7.178912903911465284e-05 7.651942114385018449e-05 4.511875693844294996e-04
7.144895696381106166e-05 7.639597962462308235e-05 4.521197884659185445e-04
7.111616995141662942e-05 7.627176078251591239e-05 4.530545653108863620e-04
7.079160082714983982e-05 7.614670858916133128e-05 4.539921143437649384e-04
7.047615993666545443e-05 7.602076890843045040e-05 4.549326534399307054e-04
7.017092210865241556e-05 7.589391377698508176e-05 4.558764274938599428e-04
6.987653382545875160e-05 7.576613737659926523e-05 4.568235171667139947e-04
6.949870709154035327e-05 7.560178457001829743e-05 4.577316318815162531e-04
6.916887517094621009e-05 7.545042375023516866e-05 4.586598090231105897e-04
6.889303332235615154e-05 7.531410316745329014e-05 4.596112911807749275e-04
6.861566406809708086e-05 7.517189909255065684e-05 4.605614677840515767e-04
6.833687793241634506e-05 7.502404966368270405e-05 4.615103674966555478e-04
6.805385691649809424e-05 7.486958979932003752e-05 4.624569499350353417e-04
6.777089986791975907e-05 7.471062446670614986e-05 4.634028145696112723e-04
6.748922265476673874e-05 7.454788821084313503e-05 4.643484201927141806e-04
6.720710785425309825e-05 7.438107711214321386e-05 4.652931854503031500e-04
6.692473813064151377e-05 7.421078289882268478e-05 4.662372535457800626e-04
6.664256486430870539e-05 7.403767939759038771e-05 4.671808698757884621e-04
6.636132190249630059e-05 7.386253461433312797e-05 4.681243875162775770e-04
6.608155190808170205e-05 7.368612061051705599e-05 4.690681067384252839e-04
6.580350660605165786e-05 7.350917664536098077e-05 4.700122363408761354e-04
6.552755928880054585e-05 7.333247182008118252e-05 4.709570256601627262e-04
6.525430081658535489e-05 7.315682503939878109e-05 4.719027924378763950e-04
6.498443580582409962e-05 7.298308368389576643e-05 4.728498833976865572e-04
6.471829115515704439e-05 7.281199778913306005e-05 4.737985088488711263e-04
6.445604716063182559e-05 7.264425518667699691e-05 4.747488150494853570e-04
6.419809948163770108e-05 7.248055840826892208e-05 4.757009995508081871e-04
6.394517473044415549e-05 7.232166287233035042e-05 4.766553396184951470e-04
6.369767052532757361e-05 7.216819136236740336e-05 4.776119858925981557e-04
6.345548856448966768e-05 7.202057149280379606e-05 4.785709113783173175e-04
6.321886773254875526e-05 7.187925023229723874e-05 4.795321703550090866e-04
6.298824098363891481e-05 7.174466347164284248e-05 4.804958476293942995e-04
6.273659755707987134e-05 7.158997081985069293e-05 4.814503986438339466e-04
6.252505851388148619e-05 7.142799011195218929e-05 4.824103262174827796e-04
6.237625165365262884e-05 7.130065754346498778e-05 4.833903006013172670e-04
6.218476883382749400e-05 7.118141468935897792e-05 4.843645253676527964e-04
6.199610162442643793e-05 7.106258067076924481e-05 4.853393359003592270e-04
6.181742887182589165e-05 7.094411466001943859e-05 4.863160752791444467e-04
6.164788110691604033e-05 7.082594793252009054e-05 4.872944774608173432e-04
6.148685263336193163e-05 7.070814289608236508e-05 4.882743628572822742e-04
6.133395910062105680e-05 7.059088904131246526e-05 4.892556163629796073e-04
6.118864824821469435e-05 7.047435307130983575e-05 4.902381098081802805e-04
6.104958343734924594e-05 7.035843390501141472e-05 4.912215812029253241e-04
6.091580422841991161e-05 7.024318971489301754e-05 4.922058660095378520e-04
6.078653564528768401e-05 7.012877181640175491e-05 4.931908501644495946e-04
6.066110792508834130e-05 7.001539070356964866e-05 4.941764515764573594e-04
6.053832974103845151e-05 6.990305361277034915e-05 4.951625068684907018e-04
6.041692961622886310e-05 6.979172787084079890e-05 4.961488477015900964e-04
6.029598453474029160e-05 6.968151641192103709e-05 4.971353695712161895e-04
6.017484020283564054e-05 6.957262744492460709e-05 4.981220137343270833e-04
6.005278784806721497e-05 6.946523095051135982e-05 4.991087092285440095e-04
5.992841172568785134e-05 6.935916123520480497e-05 5.000952576463466286e-04
5.980091173773814688e-05 6.925448278582974461e-05 5.010815554020802386e-04
5.966977213156977601e-05 6.915135011995386498e-05 5.020675387996555291e-04
5.953442994503191799e-05 6.904922500844844679e-05 5.030530558285210016e-04
5.939415805683110613e-05 6.894703029276076102e-05 5.040378754726403858e-04
5.925323435560964926e-05 6.885056599492805625e-05 5.050231758290552606e-04
5.910309567926296740e-05 6.875384919439339018e-05 5.060070963926774183e-04
5.898146120584759109e-05 6.867176608946048489e-05 5.069938661060474118e-04
5.895796352729852050e-05 6.863122247431853635e-05 5.079909749844122632e-04
5.881606534059988830e-05 6.854853355874386707e-05 5.089773874464054463e-04
5.868264869917007585e-05 6.847266399173686908e-05 5.099655301403988386e-04
5.855778749442938223e-05 6.840355722558638088e-05 5.109552853417722402e-04
5.844147447905859405e-05 6.834108169517117825e-05 5.119465240253964202e-04
5.833258611188868117e-05 6.828450926865708330e-05 5.129389608256909290e-04
5.823060488265480476e-05 6.823337371959913998e-05 5.139324269306994909e-04
5.813514132770765261e-05 6.818724555365797641e-05 5.149267849858930966e-04
5.804624956632336967e-05 6.814590212911895777e-05 5.159219646749281778e-04
5.796241004161242468e-05 6.810829093192161251e-05 5.169177316740874040e-04
5.788281079705269233e-05 6.807370869684320469e-05 5.179139571274793234e-04
5.780679093919436322e-05 6.804154087682529669e-05 5.189105431330039890e-04
5.773402478613272050e-05 6.801140839736717668e-05 5.199074363597972620e-04
5.766327158306145962e-05 6.798244084875344490e-05 5.209045094212327214e-04
5.759337661107452941e-05 6.795376288331647348e-05 5.219016514628821912e-04
5.752360182360122617e-05 6.792475374532641684e-05 5.228987923168769772e-04
5.745350727670785640e-05 6.789504022143288693e-05 5.238958899122078596e-04
5.738327914905697443e-05 6.786493617093193977e-05 5.248929654025431737e-04
5.731426353780341715e-05 6.783587471980600430e-05 5.258901513656878820e-04
5.723923678717357364e-05 6.780117654182228192e-05 5.268867281670168738e-04
5.716170244524149048e-05 6.776419639904039259e-05 5.278830310371190968e-04
5.708152731780104206e-05 6.772496348178566410e-05 5.288790378151953138e-04
5.699770831284355532e-05 6.768260662236148090e-05 5.298746162832177658e-04
5.690994502668764849e-05 6.763689796934680332e-05 5.308697062881695536e-04
5.682992299032372504e-05 6.759923649602931760e-05 5.318651960564109785e-04
5.679296901903176483e-05 6.760402477037630038e-05 5.328639563962004732e-04
5.670283494946492782e-05 6.755822349550748025e-05 5.338588318474124690e-04
5.661407746859465332e-05 6.751458632353905462e-05 5.348539283459080237e-04
5.652664935667823799e-05 6.747317247336082513e-05 5.358492372846177616e-04
5.644067343614998631e-05 6.743441730895446029e-05 5.368447799290107774e-04
5.635584502523333154e-05 6.739802814557241460e-05 5.378405104512158424e-04
5.627190826947194572e-05 6.736367782671250884e-05 5.388363889699434965e-04
5.618879159591132265e-05 6.733139907759552387e-05 5.398324054377781492e-04
5.610651803258951624e-05 6.730154888456182341e-05 5.408285675701709084e-04
5.602496583928717386e-05 6.727420904230774906e-05 5.418248613010348286e-04
5.594385712495873259e-05 6.724885154578640306e-05 5.428212436635484030e-04
5.586311946905766335e-05 6.722549931179464997e-05 5.438177051272434200e-04
5.578272080849169297e-05 6.720443196697925136e-05 5.448142446318438806e-04
5.570300847370180731e-05 6.718686224430724791e-05 5.458109046684530858e-04
5.562495188489558037e-05 6.717422089898353050e-05 5.468077731063984096e-04
5.554540856202979998e-05 6.716097140761869203e-05 5.478045159771388790e-04
5.546609850458433880e-05 6.715053077435199328e-05 5.488013103231685489e-04
5.538695896007924025e-05 6.714368390666496024e-05 5.497981497898422019e-04
5.530784612274573830e-05 6.713968106539834146e-05 5.507950068890193852e-04
5.522869598486898054e-05 6.713845223496126414e-05 5.517918682932538557e-04
5.514943720690393040e-05 6.714016340716629503e-05 5.527887199782742858e-04
5.506994001957751534e-05 6.714546962859913330e-05 5.537855401437626144e-04
5.499011318487216030e-05 6.715408840009338531e-05 5.547823110156336864e-04
5.490992086511900034e-05 6.716566388461093899e-05 5.557790225801007185e-04
5.482929504126603573e-05 6.718031995332059624e-05 5.567756583637460286e-04
5.474809774050610984e-05 6.719859236591969225e-05 5.577721877988358343e-04
5.466612206420637995e-05 6.722064614221480298e-05 5.587685773727780201e-04
5.458345319395246741e-05 6.724585273951139272e-05 5.597648348720332982e-04
5.450002869600535313e-05 6.727425562629092064e-05 5.607609433300534936e-04
5.441570872237648060e-05 6.730615188592939347e-05 5.617568698030412852e-04
5.433014153051020839e-05 6.734248087369433219e-05 5.627525388078523068e-04
5.424354654780734643e-05 6.738215692802690144e-05 5.637479911536873037e-04
5.415586219710120280e-05 6.742521734659579825e-05 5.647432074379893493e-04
5.406696052833625854e-05 6.747187333661964787e-05 5.657381529325941974e-04
5.397647164071471651e-05 6.752294501178447803e-05 5.667327387318546808e-04
5.388448334070173950e-05 6.757793588014843688e-05 5.677269781864372920e-04
5.379106570125436046e-05 6.763651059790448011e-05 5.687208795986744853e-04
5.369611662353534831e-05 6.769879460058598716e-05 5.697144099177598115e-04
5.359932820961435258e-05 6.776535512138393144e-05 5.707074848828987482e-04
5.350046599791361636e-05 6.783651884682983147e-05 5.717000369234250022e-04
5.339983052211212374e-05 6.791146885961083868e-05 5.726921319218986148e-04
5.329735757936038308e-05 6.799024421617566138e-05 5.736837423040489197e-04
5.319284595896864917e-05 6.807314237005934212e-05 5.746748023180708745e-04
5.308565719259900344e-05 6.816126698113338176e-05 5.756651263200292506e-04
5.297630855767507940e-05 6.825345915363412533e-05 5.766548437207664416e-04
5.286477451969069983e-05 6.834968057058166699e-05 5.776439334850278547e-04
5.275090344402446767e-05 6.845011837345323471e-05 5.786323367291304042e-04
5.263419114152526708e-05 6.855555002473609418e-05 5.796198880785772244e-04
5.251462779810886716e-05 6.866584936477013407e-05 5.806065669656258190e-04
5.239252974073477410e-05 6.878038040069582202e-05 5.815924529477587519e-04
5.226781835691568631e-05 6.889920238201893167e-05 5.825775034805051470e-04
5.214019430185274333e-05 6.902271439287556226e-05 5.835616018776700097e-04
5.200891556508678597e-05 6.915197404350965677e-05 5.845444822651487066e-04
5.187475371433246098e-05 6.928566344336326043e-05 5.855263802498770001e-04
5.173764416678702604e-05 6.942381861812584422e-05 5.865072522738623909e-04
5.159739932073867380e-05 6.956664824728044419e-05 5.874870096280610790e-04
5.145336775200412517e-05 6.971499800562198164e-05 5.884653968281995705e-04
5.130577774692397623e-05 6.986836367079599477e-05 5.894424802311624793e-04
5.115502345837253355e-05 7.002606686244668762e-05 5.904183894008740649e-04
5.100105852358480414e-05 7.018807155056173963e-05 5.913930918422778769e-04
5.084357348004681050e-05 7.035466219313944486e-05 5.923664564233282635e-04
5.068185654395099233e-05 7.052657489670735591e-05 5.933382021292428173e-04
5.051684580686421932e-05 7.070248118080162624e-05 5.943086785799312757e-04
5.034851796084125695e-05 7.088231510986574843e-05 5.952778646521428123e-04
5.017671487799002468e-05 7.106615579408310601e-05 5.962456872003978449e-04
5.000077445185791106e-05 7.125460888773445483e-05 5.972118783742188988e-04
4.982096448931767018e-05 7.144720978728550699e-05 5.981765387276105498e-04
4.963771301111788648e-05 7.164338590978254202e-05 5.991398300593603820e-04
4.945097649851363039e-05 7.184309002784593299e-05 6.001017260387896558e-04
4.926043156167408472e-05 7.204652951868152795e-05 6.010620897401518052e-04
4.906529425544666774e-05 7.225429667626080460e-05 6.020206046120036777e-04
4.886659503673939373e-05 7.246528261654142111e-05 6.029776835568726552e-04
4.866431304923502654e-05 7.267941892487502777e-05 6.039333112170458063e-04
4.845828337331166874e-05 7.289675079785135439e-05 6.048874147082948559e-04
4.824780019374906521e-05 7.311773495657529270e-05 6.058397058038092215e-04
4.803314374080335056e-05 7.334198821964596753e-05 6.067903002450529505e-04
4.781478928440640100e-05 7.356903298747776657e-05 6.077393886194628258e-04
4.759269185659573028e-05 7.379881780266175863e-05 6.086869476770826338e-04
4.736649976139301554e-05 7.403148898441990042e-05 6.096328310345597778e-04
4.713539153120109164e-05 7.426746286431890704e-05 6.105767071650522546e-04
4.690047427414731406e-05 7.450586913812258917e-05 6.115190304578519906e-04
4.666172973221201388e-05 7.474663922137059734e-05 6.124597895600168533e-04
4.641897479488415036e-05 7.498979354407816860e-05 6.133989067741498239e-04
4.617142387271515498e-05 7.523566315012451540e-05 6.143360634324809963e-04
4.591946939789818058e-05 7.548388550604660341e-05 6.152714251532903113e-04
4.566358233388980847e-05 7.573411384929417225e-05 6.162051834439903446e-04
4.540369889021350262e-05 7.598630097939472819e-05 6.171373093882795598e-04
4.513938473169085781e-05 7.624055370601669440e-05 6.180676255594225437e-04
4.486993588068384292e-05 7.649705151419077713e-05 6.189958513884962757e-04
4.459645408442172048e-05 7.675519944872860297e-05 6.199224388688148431e-04
4.431892408645445654e-05 7.701493019263173370e-05 6.208473788974779549e-04
4.403711993172924638e-05 7.727624434161997256e-05 6.217705778137572409e-04
4.375009966181294085e-05 7.753935837659884105e-05 6.226916569234532215e-04
4.345859059841217226e-05 7.780389516679340665e-05 6.236109173750507351e-04
4.316294002321447863e-05 7.806966239097372362e-05 6.245284987327403897e-04
4.286303433894296375e-05 7.833661748563344295e-05 6.254443522538278427e-04
4.255826059291745167e-05 7.860482510615531047e-05 6.263582301375678930e-04
4.224831401607315320e-05 7.887422978109413991e-05 6.272700147906264904e-04
4.193413899963012670e-05 7.914451583875727471e-05 6.281800897968171102e-04
4.161572403948715236e-05 7.941561819612184088e-05 6.290884467932415965e-04
4.129276173364492116e-05 7.968751007094209218e-05 6.299949588724550013e-04
4.096403450098025481e-05 7.996026667443447452e-05 6.308991375845308773e-04
4.063095757927108763e-05 8.023356578428907787e-05 6.318015589532748099e-04
4.029356306422827430e-05 8.050733722793178412e-05 6.327022315334991480e-04
3.995164193972663340e-05 8.078152789332353450e-05 6.336010665864490491e-04
3.960426196191587977e-05 8.105611013959498575e-05 6.344976866895756787e-04
3.925193603085267487e-05 8.133093000478953721e-05 6.353923024595407344e-04
3.889522342030738713e-05 8.160588280215462249e-05 6.362851372471208921e-04
3.853400784923132285e-05 8.188090419739131284e-05 6.371761380384811848e-04
3.816762454447535612e-05 8.215590834576968343e-05 6.380650310113757020e-04
3.779573743392085973e-05 8.243077203155592142e-05 6.389516801722861308e-04
3.741940432199642445e-05 8.270543448062725911e-05 6.398365138955211529e-04
3.703859402461905835e-05 8.297983294782374441e-05 6.407195119325376914e-04
3.665288532915920728e-05 8.325386091483861551e-05 6.416004948905535419e-04
3.626116488434971480e-05 8.352730919369729919e-05 6.424790037541797463e-04
3.586495019601805350e-05 8.380022812007943028e-05 6.433556598193150393e-04
3.546424020332734634e-05 8.407255945067258697e-05 6.442304534000476259e-04
3.505873528750096585e-05 8.434419077541833488e-05 6.451032509679731353e-04
3.464718099427746973e-05 8.461482213134325497e-05 6.459735255652736914e-04
3.423087058691992623e-05 8.488456606386526513e-05 6.468418114649923103e-04
3.381003238505569318e-05 8.515340366011763635e-05 6.477081936477657774e-04
3.338442105836302563e-05 8.542121780470972748e-05 6.485725572301059534e-04
3.295293106662010253e-05 8.568766543666857152e-05 6.494344257922058045e-04
3.251636385541940491e-05 8.595282870183638024e-05 6.502941315121358624e-04
3.207526571642295226e-05 8.621678227550079497e-05 6.511518945750883634e-04
3.162957445272515975e-05 8.647947108901996266e-05 6.520076684833891068e-04
3.117891914399551894e-05 8.674079912270539938e-05 6.528612582302469958e-04
3.072515077001942936e-05 8.700143051267175210e-05 6.537134113740521125e-04
3.026971156386261218e-05 8.726185533384989352e-05 6.545647361300306871e-04
2.981339118676043471e-05 8.752240347489420808e-05 6.554155512278454993e-04
2.935737440644354884e-05 8.778363651717929262e-05 6.562663187072042582e-04
2.890323730844885622e-05 8.804615936786905708e-05 6.571176940600479636e-04
2.845172017945998155e-05 8.831017242489055453e-05 6.579700011158034307e-04
2.800376516679893622e-05 8.857605689105589922e-05 6.588236033103747526e-04
2.756131911550498565e-05 8.884464537076071670e-05 6.596792267764735058e-04
2.712619262115007965e-05 8.911663191964980485e-05 6.605375269436580821e-04
2.669822270228992584e-05 8.939181918561014560e-05 6.613983999890329967e-04
2.627847717881638990e-05 8.967059049274454514e-05 6.622621605886985308e-04
2.586939450529522136e-05 8.995387449168480601e-05 6.631295509307973341e-04
2.547413069551329756e-05 9.024282663918591605e-05 6.640014727722323880e-04
2.509112437051224179e-05 9.053665578402344052e-05 6.648772244480853589e-04
2.472140552267309185e-05 9.083564479275435283e-05 6.657569286272173184e-04
2.436727843929124875e-05 9.114051491671527568e-05 6.666409885746016556e-04
2.403491621121961160e-05 9.145329887234574277e-05 6.675307384197156193e-04
2.371938475128661448e-05 9.177169184086844775e-05 6.684246196017644632e-04
2.342004867344333374e-05 9.209486512878857023e-05 6.693223492634023516e-04
2.313686925744432479e-05 9.242206341882039703e-05 6.702238475560192473e-04
2.287160031045154412e-05 9.275255357232814989e-05 6.711295923821028074e-04
2.262115592484517131e-05 9.308447835474114500e-05 6.720390323607602651e-04
2.238290101819962927e-05 9.341661564840766192e-05 6.729516656035946761e-04
2.215617271558522095e-05 9.374806598182747544e-05 6.738674796102228247e-04
2.194095249464072316e-05 9.407756134552655396e-05 6.747867657329229517e-04
2.173743913111363221e-05 9.440307195598541103e-05 6.757101356628305178e-04
2.154184534483511636e-05 9.472406127623996495e-05 6.766367942368932582e-04
2.135334791327460281e-05 9.503951455896430807e-05 6.775668183814598190e-04
2.117116073977899824e-05 9.534815650396687278e-05 6.785003762461398876e-04
2.099469164865597377e-05 9.564761710130309611e-05 6.794380105656760288e-04
2.082246555283908236e-05 9.593567613730920904e-05 6.803799978350902160e-04
2.065254822897590994e-05 9.621233460518887270e-05 6.813258115918402686e-04
2.048388040089339332e-05 9.647614469469374286e-05 6.822755096284276568e-04
2.031542121607740633e-05 9.672588285955471571e-05 6.832290399633559079e-04
2.014617407511369511e-05 9.696054813651987703e-05 6.841862480187144374e-04
1.997515210500916828e-05 9.717933846226345070e-05 6.851469036842453572e-04
1.980180544856378783e-05 9.738595973184930763e-05 6.861098371314568872e-04
1.962553200106541626e-05 9.758199566102620083e-05 6.870744527225801021e-04
1.944566482519729579e-05 9.776880749288905878e-05 6.880402362030814054e-04
1.926151414057758265e-05 9.794786499104930332e-05 6.890066821817514460e-04
1.907236013851766731e-05 9.812072303874618743e-05 6.899732912424711958e-04
1.887722013566493797e-05 9.828898340936951280e-05 6.909395206815547360e-04
1.867456835368691299e-05 9.845446755696496313e-05 6.919046836448213304e-04
1.846452523983234853e-05 9.861958928922352329e-05 6.928683263326975393e-04
1.824642191741360884e-05 9.878608091022620416e-05 6.938299391797182357e-04
1.801962175508628434e-05 9.895567162790790149e-05 6.947889933016726874e-04
1.778353135307223813e-05 9.913006598321170038e-05 6.957449366079607699e-04
1.753761181981798841e-05 9.931092117378991272e-05 6.966971915882307683e-04
1.728113325098448494e-05 9.950008330377398710e-05 6.976450286380903726e-04
1.701263925092375321e-05 9.970013637622960191e-05 6.985872871711401371e-04
1.673328965105598569e-05 9.991097181602773996e-05 6.995240282772893434e-04
1.644483010072444611e-05 1.001312782735449885e-04 7.004558185112225600e-04
1.614839193645486074e-05 1.003602804937875744e-04 7.013829990973045230e-04
1.584505856002639413e-05 1.005972274978768051e-04 7.023059456240654530e-04
1.553581757373802879e-05 1.008414674064914872e-04 7.032250235629706157e-04
1.522142338294739108e-05 1.010927163160915937e-04 7.041404573849114300e-04
1.490283187864076145e-05 1.013505905881600114e-04 7.050525949619259290e-04
1.458171137775358886e-05 1.016134377252515440e-04 7.059624241839812086e-04
1.425890240879174988e-05 1.018806813032852932e-04 7.068703738617124893e-04
1.393520693821467666e-05 1.021517733030369258e-04 7.077768663178324879e-04
1.361144597643782767e-05 1.024262568925526386e-04 7.086823142293614732e-04
1.328868819650993870e-05 1.027038826952362085e-04 7.095871623072397185e-04
1.296795594276530764e-05 1.029837326359946229e-04 7.104920454849677483e-04
1.264988061287191134e-05 1.032650775467375129e-04 7.113974025553303302e-04
1.233512339894991889e-05 1.035474740419612598e-04 7.123035912029108052e-04
1.202434919426829234e-05 1.038305442791798454e-04 7.132109428338408771e-04
1.171847985220265929e-05 1.041140412097791326e-04 7.141198264936973045e-04
1.141753259535412682e-05 1.043978736165809693e-04 7.150302479241589211e-04
1.112080524375021281e-05 1.046819423470504045e-04 7.159419798788288969e-04
1.082826007223438858e-05 1.049662045829250477e-04 7.168550021553110520e-04
1.053998567127649876e-05 1.052506202420658749e-04 7.177693336061224819e-04
1.025656333495350876e-05 1.055351515062108008e-04 7.186851448616465984e-04
9.977805542299320675e-06 1.058197300114309685e-04 7.196023725753329572e-04
9.703091593201227714e-06 1.061043020575452351e-04 7.205208215659928556e-04
9.432390582081446909e-06 1.063888297679227462e-04 7.214404750520702226e-04
9.165868009495665135e-06 1.066732671950212355e-04 7.223613752001460490e-04
8.904327672593778599e-06 1.069575338691294863e-04 7.232837560157764781e-04
8.646981489191288465e-06 1.072415979953023361e-04 7.242073783425512310e-04
8.393535738019076051e-06 1.075254335704816256e-04 7.251321487655003209e-04
8.144016596601893920e-06 1.078090018449704085e-04 7.260580680950376583e-04
7.898806694321889896e-06 1.080922282825727711e-04 7.269852417662026316e-04
7.658438007861004474e-06 1.083750054793145576e-04 7.279138201103099119e-04
7.421876233914671609e-06 1.086573791935119444e-04 7.288434982395357439e-04
7.189101029995897870e-06 1.089393174669256811e-04 7.297742637019708324e-04
6.960281838798408660e-06 1.092207606283856222e-04 7.307061584808312348e-04
6.736222943422457562e-06 1.095015484661758444e-04 7.316394071933015036e-04
6.516241702035348639e-06 1.097817175482604585e-04 7.325738115029221866e-04
6.299975473668624197e-06 1.100612847171294052e-04 7.335092627338751564e-04
6.087500630272640118e-06 1.103402021739157150e-04 7.344457757989740184e-04
5.879338883601972228e-06 1.106183311060879179e-04 7.353834908759807488e-04
5.675699078761740936e-06 1.108955714155532356e-04 7.363224618831727426e-04
5.475719200012078818e-06 1.111720474595635674e-04 7.372624443112713987e-04
5.279397571025635865e-06 1.114477278098427806e-04 7.382034310390105753e-04
5.087018311130459797e-06 1.117225091559054104e-04 7.391454932671203716e-04
4.899542203234398735e-06 1.119961074780963722e-04 7.400888885133523765e-04
4.715686583021572813e-06 1.122687813018713476e-04 7.410332634512573286e-04
4.535443552008982183e-06 1.125405019673132186e-04 7.419786090274452456e-04
4.359014041422184629e-06 1.128111788684587691e-04 7.429249720028571671e-04
4.187282261231029554e-06 1.130805112732253300e-04 7.438725825375813467e-04
4.019447009338901018e-06 1.133486735984297333e-04 7.448212227251843273e-04
3.855203338035797297e-06 1.136157227140826057e-04 7.457708051035688655e-04
3.694696699004299493e-06 1.138815787679461558e-04 7.467213601509868279e-04
3.538641376831081248e-06 1.141459612716215597e-04 7.476730668080389412e-04
3.386778915906433440e-06 1.144088978677481477e-04 7.486258522035288236e-04
3.238501359643286743e-06 1.146705591833725236e-04 7.495795528823834307e-04
3.093903895770446324e-06 1.149308788677103912e-04 7.505341849288097540e-04
2.953546429396565094e-06 1.151896056509423190e-04 7.514898818378110395e-04
2.817664045180097047e-06 1.154465908036590932e-04 7.524466955170735528e-04
2.685373873100730572e-06 1.157021348515850558e-04 7.534043981561530656e-04
2.556723207153431998e-06 1.159561882051962184e-04 7.543629926154485615e-04
2.432124561049269813e-06 1.162085393810214241e-04 7.553225705201895793e-04
2.312283348614362339e-06 1.164588295170423921e-04 7.562832945455611822e-04
2.196055408573472703e-06 1.167075072642551699e-04 7.572448808115954432e-04
2.083446628833623127e-06 1.169545407525391604e-04 7.582073211484862763e-04
1.974734428390815361e-06 1.171997653494578960e-04 7.591706703279760531e-04
1.871014090783502548e-06 1.174426091669401488e-04 7.601351735819083947e-04
1.770976212323838236e-06 1.176836457389269884e-04 7.611005187942789267e-04
1.674595350588781595e-06 1.179228576785169532e-04 7.620666895542266978e-04
1.582098870766068657e-06 1.181600949522121022e-04 7.630337254035631563e-04
1.494427871115703246e-06 1.183948210962891377e-04 7.640018237328885867e-04
1.410760556676773151e-06 1.186274095236171535e-04 7.649707921757000536e-04
1.330801720626361089e-06 1.188579836407450724e-04 7.659405548107752317e-04
1.254722311600151821e-06 1.190864158962334318e-04 7.669111353022433708e-04
1.183289905516925232e-06 1.193122299277437270e-04 7.678826812793552005e-04
1.116226226867543908e-06 1.195355248960679081e-04 7.688551210369623913e-04
1.052936146850421026e-06 1.197566048513315062e-04 7.698283194966533795e-04
9.935248807442549612e-07 1.199753751640933837e-04 7.708022836551220794e-04
9.385582575819008203e-07 1.201914519968711533e-04 7.717771090642789504e-04
8.883838960370425137e-07 1.204045635852987175e-04 7.727528462391503993e-04
8.420620056659788920e-07 1.206152466978735379e-04 7.737293010056346069e-04
7.996196797687107319e-07 1.208234531594629758e-04 7.747064630177916481e-04
7.613835404583777385e-07 1.210289334315440619e-04 7.756843738293435746e-04
7.284368663124159168e-07 1.212309208613023893e-04 7.766632059874954263e-04
6.994348926610170687e-07 1.214302522367163986e-04 7.776427072050015295e-04
6.743944414021267826e-07 1.216268851298606726e-04 7.786228629087872579e-04
6.534897579240950279e-07 1.218206668463311205e-04 7.796036821591271690e-04
6.374308691794015650e-07 1.220110651309967953e-04 7.805852559054645519e-04
6.253776970110089560e-07 1.221986316955337565e-04 7.815674325482778418e-04
6.167593501661631909e-07 1.223837455570815093e-04 7.825501106382370909e-04
6.114892104266147328e-07 1.225664456299980500e-04 7.835332638588911108e-04
6.097654393968907990e-07 1.227465566202440848e-04 7.845169070950946434e-04
6.115967939504857504e-07 1.229240277711244884e-04 7.855010306025415239e-04
6.160596157831277576e-07 1.230995093004439626e-04 7.864855024995279524e-04
6.230026626011387814e-07 1.232730889996120390e-04 7.874702972160109926e-04
6.323785903914288763e-07 1.234447687325774374e-04 7.884554044779017732e-04
6.444397805397129975e-07 1.236142948130521438e-04 7.894408559086761590e-04
6.611187322665020683e-07 1.237736146348138383e-04 7.904277180856486822e-04
6.902723594765362699e-07 1.238970302780100083e-04 7.914194636936824293e-04
7.083958317038596912e-07 1.240590981359728038e-04 7.924060735700497399e-04
7.294494666160545061e-07 1.242151870697133194e-04 7.933935891222987803e-04
7.531470078719444904e-07 1.243655385083378628e-04 7.943819352881686729e-04
7.789940079761136144e-07 1.245106853531605746e-04 7.953710056690808852e-04
8.067494251215718594e-07 1.246509767316683311e-04 7.963607250892440438e-04
8.361499563365325217e-07 1.247868021303467846e-04 7.973510200696711479e-04
8.668725888788879478e-07 1.249185635643435606e-04 7.983418243676216296e-04
8.984542980774594444e-07 1.250470081042260684e-04 7.993330374263987303e-04
9.305734299751115273e-07 1.251727375345387859e-04 8.003245815287500032e-04
9.628789002551024317e-07 1.252963758786668430e-04 8.013163826852204774e-04
9.948840675404261927e-07 1.254186054122415767e-04 8.023083682831387434e-04
1.026104330766289155e-06 1.255401846722548314e-04 8.033004588206770456e-04
1.056301909754795710e-06 1.256618172022998638e-04 8.042925743929663128e-04
1.085133008894663816e-06 1.257841924952621216e-04 8.052846390869009907e-04
1.112107229858620971e-06 1.259080499355750042e-04 8.062765714038418619e-04
1.136407958532733855e-06 1.260342488923342529e-04 8.072682775010340704e-04
1.158096777490951555e-06 1.261633160150423590e-04 8.082596745308160508e-04
1.176886776883017663e-06 1.262958434915895458e-04 8.092506736071809585e-04
1.192358323649669740e-06 1.264324423105639601e-04 8.102411759900242675e-04
1.203759226141312755e-06 1.265738332011475038e-04 8.112310601391257070e-04
1.210826621770398934e-06 1.267204826261995095e-04 8.122202193586506008e-04
1.213734131551345557e-06 1.268725869651944540e-04 8.132085750842257344e-04
1.212357486873519427e-06 1.270303985090072147e-04 8.141960385465532059e-04
1.206428983270770599e-06 1.271941595868352447e-04 8.151825150239888585e-04
1.195740774132247612e-06 1.273639969134954600e-04 8.161679249715827469e-04
1.181278669918082537e-06 1.275394455980083071e-04 8.171523033586353298e-04
1.163216817039791759e-06 1.277203507257473035e-04 8.181356344060714035e-04
1.141636978154745396e-06 1.279065290615987349e-04 8.191179096197747506e-04
1.116475765980698445e-06 1.280977828097614065e-04 8.200991249365181856e-04
1.088416951709761099e-06 1.282935633442953928e-04 8.210793690244128648e-04
1.057861534421231685e-06 1.284934002867155894e-04 8.220587199506430159e-04
1.025041510526316783e-06 1.286968367530994830e-04 8.230372565271969329e-04
9.901350903148106746e-07 1.289033705453074188e-04 8.240150722725276882e-04
9.535626848601841053e-07 1.291123793739284509e-04 8.249923014547547997e-04
9.158326323364599967e-07 1.293232256980005263e-04 8.259690920321594194e-04
8.772481711809131943e-07 1.295353013913678217e-04 8.269455831989629092e-04
8.381318565733576716e-07 1.297479437422160108e-04 8.279219300315926629e-04
7.988935286422367011e-07 1.299604037590661209e-04 8.288983116253259174e-04
7.599472891375266367e-07 1.301720835394462616e-04 8.298748742490597323e-04
7.216035549348853824e-07 1.303823514866817869e-04 8.308517654883249264e-04
6.842218080258023862e-07 1.305905408116661830e-04 8.318291386783575013e-04
6.483667705380451329e-07 1.307958249546571953e-04 8.328071831225089885e-04
6.142670903148954429e-07 1.309977463869263785e-04 8.337859897954509776e-04
5.821649525145949982e-07 1.311958088152961985e-04 8.347656518081697291e-04
5.523864882383414169e-07 1.313894743761663444e-04 8.357462651728724337e-04
5.255367370512346424e-07 1.315780376122988884e-04 8.367279565260692890e-04
5.018988776655694430e-07 1.317610999756975215e-04 8.377107709976826634e-04
4.814568607809036718e-07 1.319385145168371044e-04 8.386946920210463325e-04
4.644477770015339131e-07 1.321099884539268549e-04 8.396797305161577329e-04
4.491058597176537894e-07 1.322823148966592631e-04 8.406645110764373284e-04
4.258387568064664688e-07 1.324875509301268032e-04 8.416427642182340270e-04
4.190160677746495115e-07 1.326470139568577836e-04 8.426299438958041949e-04
4.149829395267656024e-07 1.328045733667201347e-04 8.436174444567935910e-04
4.140645470182903201e-07 1.329600244963400973e-04 8.446052859630234517e-04
4.174773094676219913e-07 1.331125730367413039e-04 8.455935750395521689e-04
4.243963598483033801e-07 1.332627928218074579e-04 8.465822024091763541e-04
4.348932231250055891e-07 1.334106442413659686e-04 8.475711551786695901e-04
4.491944605117663944e-07 1.335559740352489869e-04 8.485604332613691037e-04
4.681261927998626361e-07 1.336981999913323797e-04 8.495500849295190612e-04
4.911819755325871055e-07 1.338375932748132142e-04 8.505400525209176263e-04
5.177748856880681521e-07 1.339745095756591771e-04 8.515302770806270792e-04
5.478965954082040362e-07 1.341089140503388337e-04 8.525207444606372909e-04
5.818935877841205477e-07 1.342405032576730992e-04 8.535114639833315132e-04
6.200934282665113830e-07 1.343689576812713332e-04 8.545024424778945331e-04
6.615112408333485448e-07 1.344949505857493332e-04 8.554936077216524371e-04
7.060883197005128524e-07 1.346184846154145338e-04 8.564849454334994136e-04
7.539083125042607069e-07 1.347394428165445937e-04 8.574764489030984238e-04
8.057355841364458731e-07 1.348571283982227180e-04 8.584681455699542376e-04
8.605635999406554496e-07 1.349722853809041511e-04 8.594599778041092999e-04
9.182237340495194173e-07 1.350850060905641273e-04 8.604519293219972101e-04
9.787300124395379632e-07 1.351952253426365682e-04 8.614439920693971577e-04
1.042506240434580579e-06 1.353024886699127080e-04 8.624361740792659296e-04
1.109310729494481075e-06 1.354069181409874977e-04 8.634284594632465979e-04
1.180826325606866790e-06 1.355054044378272338e-04 8.644209529038955142e-04
1.267539799980988235e-06 1.355811006036794822e-04 8.654142631350908704e-04
1.342893221309208280e-06 1.356764886681492330e-04 8.664068440069875752e-04
1.422748266266697549e-06 1.357662976882143034e-04 8.673995943882840693e-04
1.506266242351497313e-06 1.358513354139909721e-04 8.683924636305191246e-04
1.593322626557355064e-06 1.359317036148293475e-04 8.693854179989406617e-04
1.683850676151815301e-06 1.360074386161589917e-04 8.703784255834299275e-04
1.778130226475510242e-06 1.360781314808399761e-04 8.713714565126618903e-04
1.875518140709950437e-06 1.361444858833181612e-04 8.723644871958676720e-04
1.975840715608613279e-06 1.362066483937227361e-04 8.733574954323823549e-04
2.079749471786924695e-06 1.362636022260481025e-04 8.743504499230743583e-04
2.185108844973444090e-06 1.363183844465698665e-04 8.753433726351644763e-04
2.292994595648173632e-06 1.363692846900976493e-04 8.763362312332479559e-04
2.402784381719148426e-06 1.364171442869277343e-04 8.773290325128417456e-04
2.514208128520812023e-06 1.364623039442928120e-04 8.783217783949897901e-04
2.627060544858594346e-06 1.365049693527774287e-04 8.793144729902401457e-04
2.741370410912524417e-06 1.365448376877775687e-04 8.803071176108257954e-04
2.856392705659698470e-06 1.365830780488957866e-04 8.812997440721911154e-04
2.971855364067256694e-06 1.366200355266327727e-04 8.822923680624479396e-04
3.087527213796994491e-06 1.366559506887793395e-04 8.832850059165700063e-04
3.203313042183464774e-06 1.366906663800650278e-04 8.842776732259467146e-04
3.318819613147095518e-06 1.367247429595891016e-04 8.852703952275084486e-04
3.433713676042029670e-06 1.367587290146950001e-04 8.862631913905484648e-04
3.547808872848736477e-06 1.367928075322140586e-04 8.872560764966221916e-04
3.660986225750788490e-06 1.368268870186426401e-04 8.882490665941371322e-04
3.773108158378337090e-06 1.368608455355089192e-04 8.892421804984986834e-04
3.883904454484621061e-06 1.368953597020920016e-04 8.902354239971804273e-04
3.993287644792489977e-06 1.369304781923639126e-04 8.912288029174289267e-04
4.101203635813013948e-06 1.369660780581367801e-04 8.922223251846504982e-04
4.207629107925874755e-06 1.370015367485973761e-04 8.932160132402293959e-04
4.312475215825264400e-06 1.370373915107004422e-04 8.942098549744833310e-04
4.415765055580615790e-06 1.370735861160279792e-04 8.952038473571197067e-04
4.517546586433849171e-06 1.371098686295818146e-04 8.961979921042074332e-04
4.617845004926154563e-06 1.371456273414418990e-04 8.971923065453146296e-04
4.716716553170202267e-06 1.371807222333766313e-04 8.981867875697310388e-04
4.814308716488005826e-06 1.372152250799684912e-04 8.991814156683407668e-04
4.910755447564021786e-06 1.372488010205358418e-04 9.001761871568314099e-04
5.006144742287771088e-06 1.372809049261415485e-04 9.011711089708417718e-04
5.100484850175066053e-06 1.373108053190489665e-04 9.021661996124859728e-04
5.194079607850865127e-06 1.373387711237956824e-04 9.031614168013764885e-04
5.287097637749444124e-06 1.373644426000464379e-04 9.041567497835116800e-04
5.379655540872850941e-06 1.373873614855909361e-04 9.051521924203857197e-04
5.471653063231302831e-06 1.374066685777224734e-04 9.061477637133995375e-04
5.563398138364616115e-06 1.374225178008756088e-04 9.071434192943716958e-04
5.655085649005028202e-06 1.374347441858579015e-04 9.081391311234778257e-04
5.746795975604259844e-06 1.374430126196304165e-04 9.091348812522992429e-04
5.838397111060031850e-06 1.374467398710569428e-04 9.101306686134026961e-04
5.929899594040158445e-06 1.374457176397610755e-04 9.111264716664113899e-04
6.021365296238632860e-06 1.374405037731908457e-04 9.121222657749013469e-04
6.111905762013597658e-06 1.374322839739983094e-04 9.131181218347820443e-04
6.203472064083525361e-06 1.374177190242016719e-04 9.141138125682995736e-04
6.291827512878253213e-06 1.374022795336806097e-04 9.151097246599145365e-04
6.367184951129480781e-06 1.374033333233926762e-04 9.161068118866260443e-04
6.455179464930876171e-06 1.373788996941294302e-04 9.171026326984352446e-04
6.541299783416209236e-06 1.373524341251274841e-04 9.180985651130767807e-04
6.625167654160624855e-06 1.373234643583876654e-04 9.190946202890381981e-04
6.707224710099279019e-06 1.372923438463672448e-04 9.200907615196585653e-04
6.787698046690354872e-06 1.372592483467109073e-04 9.210869682989633600e-04
6.866614747552985311e-06 1.372241207727290294e-04 9.220832298995359057e-04
6.943833988919793457e-06 1.371866398182013743e-04 9.230795386895524271e-04
7.019412654232211998e-06 1.371467003706471565e-04 9.240758779875279548e-04
7.093734459013684779e-06 1.371047374163546033e-04 9.250722286710722940e-04
7.166856421061488810e-06 1.370607372130897201e-04 9.260685802434322385e-04
7.238770190997111636e-06 1.370145426924142815e-04 9.270649201262419221e-04
7.309294100400264397e-06 1.369655719802207426e-04 9.280612271086603185e-04
7.378887821291295859e-06 1.369145292870273169e-04 9.290574955072558377e-04
7.447610829347130050e-06 1.368614059498115838e-04 9.300537155791906499e-04
7.515495463772038805e-06 1.368061016287363553e-04 9.310498742364801744e-04
7.582468649491603441e-06 1.367481207277685881e-04 9.320459425226207666e-04
7.648756790748339736e-06 1.366877858161332480e-04 9.330419169084685441e-04
7.714500334214337605e-06 1.366253217155423633e-04 9.340377961290707376e-04
7.779751608933726175e-06 1.365606719691514720e-04 9.350335681352525382e-04
7.844532117161712523e-06 1.364935074185078825e-04 9.360292043316862341e-04
7.908935586224762643e-06 1.364236674152764924e-04 9.370246810857466718e-04
7.973120030535832167e-06 1.363516495910247384e-04 9.380200168023374290e-04
8.037144578977727821e-06 1.362774430250562527e-04 9.390152020262167946e-04
8.101074550020346196e-06 1.362008913396677685e-04 9.400102153739149039e-04
8.165012309046472714e-06 1.361213331083903247e-04 9.410049926496233657e-04
8.229056027616430302e-06 1.360395484150356228e-04 9.419995825331327387e-04
8.293264674660030350e-06 1.359555286193664825e-04 9.429939754564226019e-04
8.357714558658018515e-06 1.358691682662967800e-04 9.439881520071258421e-04
8.422567938309935282e-06 1.357799418022083936e-04 9.449820492912062346e-04
8.487887075270369842e-06 1.356881774887415783e-04 9.459756850573693880e-04
8.553695305288816383e-06 1.355941296768747373e-04 9.469690750047971657e-04
8.620067061615108240e-06 1.354977390883624724e-04 9.479622027394771179e-04
8.687175128209521230e-06 1.353986551698550616e-04 9.489550157474591335e-04
8.755183233834748534e-06 1.352966998551817827e-04 9.499474769523484153e-04
8.824003817195300709e-06 1.351924131628478903e-04 9.509396398558458627e-04
8.893696731754797171e-06 1.350857836361483337e-04 9.519314927794286351e-04
8.964396478123846617e-06 1.349766418308022951e-04 9.529230006795773224e-04
9.036503827661744720e-06 1.348642868959978457e-04 9.539140486202999942e-04
9.109746018252351508e-06 1.347495536309726704e-04 9.549047407817654824e-04
9.184181235989312349e-06 1.346324339866391954e-04 9.558950647000521821e-04
9.259930287579457275e-06 1.345128141249846197e-04 9.568849897200848269e-04
9.337393908881013458e-06 1.343901243958378882e-04 9.578744063808215152e-04
9.416462097595595040e-06 1.342647419858098302e-04 9.588633585693202973e-04
9.497043798926314105e-06 1.341369281323715813e-04 9.598518772279565712e-04
9.579237739715076554e-06 1.340066171034111407e-04 9.608399367892191210e-04
9.663378241932858392e-06 1.338734207130198254e-04 9.618274474098365608e-04
9.749669875876480155e-06 1.337371941267929119e-04 9.628143591904273890e-04
9.837793266081444751e-06 1.335984933034469640e-04 9.638007643347151028e-04
9.927813215489719113e-06 1.334573017114770840e-04 9.647866446512370431e-04
1.001995265481689317e-05 1.333134163608055631e-04 9.657719388632570292e-04
1.011485525164556776e-05 1.331661610060393575e-04 9.667564732494530111e-04
1.021190465775574467e-05 1.330163916891135591e-04 9.677404189429748491e-04
1.031115677991420401e-05 1.328641024235604172e-04 9.687237579088686960e-04
1.041278422416258121e-05 1.327091652152108761e-04 9.697064397569539170e-04
1.051745917486205595e-05 1.325509402278048706e-04 9.706882778501955836e-04
1.062480369212398419e-05 1.323899356204036987e-04 9.716693757126988913e-04
1.073466017242697136e-05 1.322263764160718327e-04 9.726497726957478987e-04
1.084716318966879378e-05 1.320601820916742918e-04 9.736294256885235461e-04
1.096286004003840065e-05 1.318908900581917129e-04 9.746081757331741778e-04
1.108184793603431729e-05 1.317185020387233799e-04 9.755859908266147160e-04
1.120365053981973586e-05 1.315435300481002166e-04 9.765630000333829722e-04
1.132835538248587585e-05 1.313659404115566376e-04 9.775391702555118710e-04
1.145635172746343378e-05 1.311854446550452587e-04 9.785143801719464306e-04
1.158830350866964825e-05 1.310015481313056996e-04 9.794884277296493722e-04
1.172336419053145915e-05 1.308150446803878349e-04 9.804615530442759193e-04
1.186158346750407219e-05 1.306259327812732732e-04 9.814337309489043568e-04
1.200321342237093722e-05 1.304340538107325541e-04 9.824048739788435961e-04
1.214931694978209543e-05 1.302386281461335462e-04 9.833746471381802495e-04
1.229890916292698363e-05 1.300405034845925002e-04 9.843433402368193409e-04
1.245193917333214688e-05 1.298397575619432453e-04 9.853109560608479863e-04
1.260860597233843787e-05 1.296362796110966226e-04 9.862774175882691157e-04
1.276975224327298156e-05 1.294294939840291616e-04 9.872424402206107698e-04
1.293615576547357471e-05 1.292390977547238447e-04 9.882088488657124990e-04
1.311331313545761313e-05 1.291382139214746329e-04 9.891867241253249950e-04
1.328494667024510736e-05 1.289319603633647766e-04 9.901500451687079377e-04
1.346091845944545748e-05 1.287348876241491537e-04 9.911145048149790689e-04
1.364079871945830245e-05 1.285470767860120793e-04 9.920800908402031999e-04
1.382384065913308995e-05 1.283686167373941883e-04 9.930468560064070662e-04
1.401001706088176486e-05 1.282001389829317433e-04 9.940148023514941509e-04
1.419969663440216451e-05 1.280437645531164485e-04 9.949841154447323054e-04
1.439132326300922246e-05 1.278899107766467091e-04 9.959534445584952104e-04
1.458492420096781520e-05 1.277432644968284512e-04 9.969234994476293410e-04
1.478022654791542600e-05 1.276027029362007724e-04 9.978941150380977922e-04
1.497698684632130486e-05 1.274669812916200801e-04 9.988651259261677531e-04
1.517488773938061834e-05 1.273348309324944937e-04 9.998363983620543217e-04
1.537333366981969993e-05 1.272050122435741551e-04 1.000807874559363122e-03
1.557202499534588366e-05 1.270760830018816275e-04 1.001779419206759317e-03
1.577059963254341375e-05 1.269466642650719172e-04 1.002750922428005892e-03
1.596857663993844935e-05 1.268155078343763962e-04 1.003722313909686300e-03
1.616561159078216015e-05 1.266811903284003000e-04 1.004693463878570834e-03
1.636141333305581581e-05 1.265423747169122800e-04 1.005664229241256050e-03
1.655555475475944670e-05 1.263979640994104836e-04 1.006634510489965578e-03
1.674744904577116916e-05 1.262471315566888411e-04 1.007604259836214662e-03
1.693684138052934049e-05 1.260888630117789320e-04 1.008573313729750317e-03
1.712358089545734495e-05 1.259222356739081959e-04 1.009541479200275031e-03
1.730729062627202290e-05 1.257467324283262800e-04 1.010508654566230884e-03
1.748731496476915750e-05 1.255622833052747898e-04 1.011474857348654147e-03
1.768009206477051744e-05 1.254063771153460293e-04 1.012442327020100135e-03
1.788415738003878712e-05 1.252748874373784999e-04 1.013410748714562533e-03
1.805595842834362599e-05 1.250707605588441147e-04 1.014374500023235018e-03
1.822743137573802760e-05 1.248673909541155665e-04 1.015338469266699245e-03
1.839769793103732817e-05 1.246654578095366859e-04 1.016302954576273022e-03
1.856709347570189366e-05 1.244645698932073520e-04 1.017267811372088524e-03
1.873531903683620112e-05 1.242648980351733663e-04 1.018233124973454660e-03
1.890175114399009378e-05 1.240668929642912565e-04 1.019199091661579515e-03
1.906528145147262995e-05 1.238714204255316896e-04 1.020166067961062210e-03
1.922521349645112891e-05 1.236789877593322306e-04 1.021134255870776754e-03
1.938178665012912016e-05 1.234893026959857994e-04 1.022103533859774430e-03
1.953442892673513969e-05 1.233027771974582116e-04 1.023074050681738222e-03
1.968226181544795557e-05 1.231200881077963683e-04 1.024046037617000905e-03
1.982351842161551495e-05 1.229426724200384220e-04 1.025019978140487287e-03
1.995820527621000218e-05 1.227704574667270348e-04 1.025995781708832462e-03
2.008619766502371985e-05 1.226034935032486203e-04 1.026973397101822597e-03
2.020681729344613243e-05 1.224423105529904730e-04 1.027952918427137890e-03
2.031922248356204334e-05 1.222875850178655073e-04 1.028934453896458408e-03
2.042068933816625146e-05 1.221415983086596505e-04 1.029918519190595140e-03
2.051215013594019551e-05 1.220035351080893399e-04 1.030904707821734623e-03
2.059325255422851455e-05 1.218736840249528804e-04 1.031892917265462986e-03
2.066332912996152058e-05 1.217526118894875876e-04 1.032883083998752029e-03
2.072164212176357115e-05 1.216409517005860081e-04 1.033875118069337148e-03
2.076496806322557600e-05 1.215414671201255466e-04 1.034869212022494506e-03
2.079482512303791332e-05 1.214529012395396232e-04 1.035864832400120242e-03
2.081110378822280215e-05 1.213753905320055608e-04 1.036861687798673300e-03
2.081335544538394025e-05 1.213093702410480252e-04 1.037859499630917502e-03
2.079260773962339338e-05 1.211229593171820311e-04 1.038841554066648448e-03
2.076183684283968369e-05 1.210611866295665628e-04 1.039838869830757512e-03
2.071448739694703626e-05 1.210056852154241122e-04 1.040836200739929948e-03
2.065102783877953936e-05 1.209518065943928408e-04 1.041832726353389676e-03
2.057144966979917194e-05 1.209002654223329275e-04 1.042828219074075271e-03
2.047581108687988966e-05 1.208519163461615331e-04 1.043822458820164610e-03
2.036044190648401929e-05 1.208034492578490910e-04 1.044814595909671030e-03
2.022856949506389313e-05 1.207673476488260858e-04 1.045805201838117095e-03
2.008100837103891150e-05 1.207372377785772703e-04 1.046793791338944315e-03
1.991817695516852704e-05 1.207143203546710641e-04 1.047780172020560665e-03
1.974037065217282413e-05 1.207000101714563893e-04 1.048764119452727864e-03
1.954538355031290237e-05 1.206979405874988788e-04 1.049744907854360506e-03
1.933505605579704880e-05 1.207083234790473782e-04 1.050722468968269844e-03
1.911157988018168430e-05 1.207310917575643897e-04 1.051696894799741214e-03
