# first line: diameter, stdev on diameter, fiber length; other lines: x, y, z coordinates
1.399999999999999979e-05 1.093677618490958427e-06 1.015844101763356761e-03
-3.377222474681881295e-05 4.539262916266346423e-05 1.249927875822349609e-03
-3.401090218328557197e-05 4.509907675674355588e-05 1.250853543185013149e-03
-3.425513596171834106e-05 4.480942907926540854e-05 1.251778991217267168e-03
-3.450433536444763160e-05 4.452345016206101614e-05 1.252704256388424697e-03
-3.475756997113308192e-05 4.424076525224726137e-05 1.253629438181012553e-03
-3.501258045797818810e-05 4.396113678792983433e-05 1.254555060928522940e-03
-3.526869186750924236e-05 4.368378039540005050e-05 1.255481063249184017e-03
-3.552453021667057782e-05 4.340796631608107324e-05 1.256407601584425254e-03
-3.577834454171660409e-05 4.313299185594449679e-05 1.257334945756585168e-03
-3.602764848248952821e-05 4.285832992789997752e-05 1.258263604879929481e-03
-3.627083105308918915e-05 4.258326806575558291e-05 1.259193767206381572e-03
-3.650677076487928146e-05 4.230704704643356204e-05 1.260125449780017445e-03
-3.673399283712879676e-05 4.202913248897451032e-05 1.261058793483035585e-03
-3.695089259065974057e-05 4.174920668741098401e-05 1.261993989366478816e-03
-3.715603269906052200e-05 4.146713059489576573e-05 1.262931189621064416e-03
-3.741719463524997884e-05 4.122967717452979681e-05 1.263866691366449541e-03
-3.759093265883569121e-05 4.089348245455828786e-05 1.264791757844205278e-03
-3.777916955374211849e-05 4.059862448919345022e-05 1.265728480840297519e-03
-3.796875080866823448e-05 4.030384545093950582e-05 1.266665050986898883e-03
-3.815915988793463007e-05 4.000618042885717413e-05 1.267600539785097282e-03
-3.834991437997820274e-05 3.970635041258798652e-05 1.268535266671095684e-03
-3.853905863868780951e-05 3.940177506708254052e-05 1.269468784899221948e-03
-3.872726910200136724e-05 3.909949981649166786e-05 1.270403239671692242e-03
-3.891308157461180982e-05 3.879779991915579054e-05 1.271338360167476467e-03
-3.909589857822697441e-05 3.849735764246786071e-05 1.272274475199109767e-03
-3.927490597021519983e-05 3.819921893199942632e-05 1.273212061237619487e-03
-3.944895923549409468e-05 3.790449484455773365e-05 1.274151656460864243e-03
-3.961701842000510827e-05 3.761419985665012585e-05 1.275093717325250127e-03
-3.977907338032653418e-05 3.732891581466547581e-05 1.276038357124825544e-03
-3.993472474855133485e-05 3.704922295538399016e-05 1.276985741018445836e-03
-4.013540034201137403e-05 3.679247199265190847e-05 1.277930974145372912e-03
-4.023547968309151650e-05 3.646288869394952972e-05 1.278868498163545633e-03
-4.036391039648886076e-05 3.617587462319109010e-05 1.279817391968693114e-03
-4.049401585167199417e-05 3.589182290386225895e-05 1.280767328680490957e-03
-4.061889834313699702e-05 3.560268224521162138e-05 1.281716431405232736e-03
-4.073848936220439312e-05 3.530964872742281779e-05 1.282665022130200991e-03
-4.085351512697416103e-05 3.501387646229227449e-05 1.283613328332183995e-03
-4.096499105964350007e-05 3.471658915925874395e-05 1.284561585539336238e-03
-4.107366664876072835e-05 3.441921852146905767e-05 1.285510142014803688e-03
-4.118005688276186961e-05 3.412332921292372540e-05 1.286459420451042035e-03
-4.128441942061485652e-05 3.383056376072861093e-05 1.287409891191924503e-03
-4.138796719561374195e-05 3.354210291057200307e-05 1.288361765766860966e-03
-4.149140449103564993e-05 3.325915539411572139e-05 1.289315304767768827e-03
-4.159522760125800787e-05 3.298278367594902137e-05 1.290270727546321845e-03
-4.169916740226974842e-05 3.271407789475558596e-05 1.291228320654322272e-03
-4.182394449534724418e-05 3.245480805258132008e-05 1.292185979623339644e-03
-4.186809972241603410e-05 3.215962191586628721e-05 1.293139480729054011e-03
-4.194629771280023475e-05 3.189218714869007155e-05 1.294099445874827671e-03
-4.202649213443698296e-05 3.163002079958287486e-05 1.295061121553040115e-03
-4.209672763770313375e-05 3.136559954106704938e-05 1.296022960266958587e-03
-4.215861238194264579e-05 3.109932530172034975e-05 1.296984863775322043e-03
-4.221371530135057835e-05 3.083183798081087085e-05 1.297946844930210559e-03
-4.226368894067614662e-05 3.056390895905086150e-05 1.298908984816499060e-03
-4.230972617111917176e-05 3.029663304634948450e-05 1.299871503332439065e-03
-4.235421104969248744e-05 3.003060392133521437e-05 1.300834441091670412e-03
-4.239912893886435823e-05 2.976656830297414735e-05 1.301797907080711695e-03
-4.244621134204743906e-05 2.950529795871888514e-05 1.302762022561539720e-03
-4.249661333304113512e-05 2.924768623638083700e-05 1.303726953336096757e-03
-4.255174005746016451e-05 2.899429380339038989e-05 1.304692741184365059e-03
-4.261288663475077814e-05 2.874545810142724496e-05 1.305659349694123297e-03
-4.268078365076238248e-05 2.850146975248135290e-05 1.306626742101733114e-03
-4.270184677546184552e-05 2.824709892998930819e-05 1.307593297135284816e-03
-4.275165873212694224e-05 2.800419416132104560e-05 1.308561817090222708e-03
-4.280611516256270998e-05 2.776547561912783181e-05 1.309531373189430376e-03
-4.285371112320177171e-05 2.752742535817427358e-05 1.310501455297595789e-03
-4.289527365476319899e-05 2.729009356805560453e-05 1.311471991527823856e-03
-4.293136561335564370e-05 2.705378713234722038e-05 1.312442997101743222e-03
-4.296341364677248295e-05 2.681843123815683724e-05 1.313414376636466751e-03
-4.299287827037033446e-05 2.658397905260806860e-05 1.314386057157971785e-03
-4.302108850056424492e-05 2.635047431505932244e-05 1.315358003356009026e-03
-4.304911305300186333e-05 2.611809977354611072e-05 1.316330225796175698e-03
-4.307803055153276283e-05 2.588699410929836163e-05 1.317302724380558154e-03
-4.310922986667998136e-05 2.565703266187706021e-05 1.318275423278109440e-03
-4.314369858419873162e-05 2.542821283378736560e-05 1.319248280616057596e-03
-4.318213415302751417e-05 2.520056830459275278e-05 1.320221264651138138e-03
-4.322450392095751815e-05 2.497443059397765435e-05 1.321194436711706005e-03
-4.324901247191797413e-05 2.474855873932126692e-05 1.322168244977146509e-03
-4.328805035915545408e-05 2.452432155070396189e-05 1.323141956277447753e-03
-4.333016698985010280e-05 2.430120166274983659e-05 1.324115836797493985e-03
-4.337060684671578849e-05 2.407918431713942624e-05 1.325090040189997936e-03
-4.340943701557606110e-05 2.385824819468913651e-05 1.326064554883151425e-03
-4.344688936900927559e-05 2.363825475253421572e-05 1.327039336809768787e-03
-4.348302514869058130e-05 2.341917578896738448e-05 1.328014374357137928e-03
-4.351777568846336875e-05 2.320107449530999966e-05 1.328989681371197350e-03
-4.355089895557611769e-05 2.298414899157982141e-05 1.329965307074590158e-03
-4.358270954873727423e-05 2.276819256559944860e-05 1.330941191569202106e-03
-4.361330528897689601e-05 2.255314894699571052e-05 1.331917316452899212e-03
-4.364270497026947061e-05 2.233901779188428606e-05 1.332893678660303227e-03
-4.367061413738166276e-05 2.212605098264305902e-05 1.333870339099466409e-03
-4.369724080656267026e-05 2.191411108877492879e-05 1.334847258811522894e-03
-4.372273737294788353e-05 2.170309512944757158e-05 1.335824408683749165e-03
-4.374713951317112993e-05 2.149298939886501520e-05 1.336801782617724624e-03
-4.377031596584135721e-05 2.128392516258068942e-05 1.337779409631308569e-03
-4.379221304198471217e-05 2.107597875594581860e-05 1.338757304492717596e-03
-4.381305102428751947e-05 2.086898094570565322e-05 1.339735423811422256e-03
-4.383289606353200517e-05 2.066289074325940804e-05 1.340713755414385446e-03
-4.385175336402055138e-05 2.045772063452260315e-05 1.341692299918994819e-03
-4.386935503645141308e-05 2.025375741623045020e-05 1.342671119959286136e-03
-4.388597448456961421e-05 2.005076668667081115e-05 1.343650159440019833e-03
-4.390170226454184602e-05 1.984868062036318381e-05 1.344629400784753221e-03
-4.391655699814694399e-05 1.964749862146393552e-05 1.345608841899831841e-03
-4.393037176020890165e-05 1.944742659794667383e-05 1.346588525498056219e-03
-4.394323380695071117e-05 1.924840716096152464e-05 1.347568436482093250e-03
-4.395528338135693599e-05 1.905031259018638673e-05 1.348548545214895561e-03
-4.396656085599976414e-05 1.885311882737040557e-05 1.349528844772385954e-03
-4.397701195906274392e-05 1.865691679455910165e-05 1.350509352431848199e-03
-4.398655222591694682e-05 1.846185273505234449e-05 1.351490096360621418e-03
-4.399536172434486889e-05 1.826773600090115810e-05 1.352471035140193545e-03
-4.400349978258108241e-05 1.807451661647058064e-05 1.353452156869912673e-03
-4.401098484173023522e-05 1.788219389151019721e-05 1.354433459959846625e-03
-4.401764641067197387e-05 1.769105490654210915e-05 1.355415000155971812e-03
-4.402365626769209439e-05 1.750089674300772934e-05 1.356396735134161174e-03
-4.402909172347367324e-05 1.731163712474441572e-05 1.357378647085266026e-03
-4.403397445274958075e-05 1.712327053321745937e-05 1.358360733647898588e-03
-4.403822529949828323e-05 1.693597285191348524e-05 1.359343027521331621e-03
-4.404188241581283097e-05 1.674973799800763674e-05 1.360325525857959076e-03
-4.404505101674379710e-05 1.656442297360617190e-05 1.361308199835214658e-03
-4.404776685684373921e-05 1.637999724860347291e-05 1.362291042458842931e-03
-4.405001801283734265e-05 1.619652757840052095e-05 1.363274065160930294e-03
-4.405175190365124839e-05 1.601420102012966615e-05 1.364257301531649489e-03
-4.405308832786672879e-05 1.583281503546240276e-05 1.365240712532304413e-03
-4.405407165546291023e-05 1.565231456852474068e-05 1.366224286868278348e-03
-4.405472005546808630e-05 1.547269888152853645e-05 1.367208023442039290e-03
-4.405496976566708369e-05 1.529423466883106554e-05 1.368191969684923225e-03
-4.405491069911226127e-05 1.511675301451101314e-05 1.369176093717901005e-03
-4.405459485917220358e-05 1.494016201470682546e-05 1.370160377919294641e-03
-4.405404338967499982e-05 1.476445199776866047e-05 1.371144819668440682e-03
-4.405324202137040598e-05 1.458978399158903233e-05 1.372129446631085341e-03
-4.405222168720545570e-05 1.441617603923542195e-05 1.373114260856418863e-03
-4.405103904736330642e-05 1.424347867706004164e-05 1.374099235018376441e-03
-4.404971980961592214e-05 1.407165852194428851e-05 1.375084362407182547e-03
-4.404827658958558801e-05 1.390077281940915560e-05 1.376069652137503017e-03
-4.404672157371239351e-05 1.373102321741691063e-05 1.377055138026729011e-03
-4.404510359533117542e-05 1.356220375378846559e-05 1.378040783628508084e-03
-4.404344780646980766e-05 1.339425777068345282e-05 1.379026578377451177e-03
-4.404177214596453839e-05 1.322718456050544581e-05 1.380012521386395552e-03
-4.404010777470640769e-05 1.306124401290197021e-05 1.380998655629406052e-03
-4.403848494871428370e-05 1.289627697754564201e-05 1.381984953308305290e-03
-4.403692302632461990e-05 1.273218970627189374e-05 1.382971397838128960e-03
-4.403543974263378710e-05 1.256897157585138858e-05 1.383957986670526427e-03
-4.403407841449865484e-05 1.240678156727743389e-05 1.384944745187415612e-03
-4.403287685756695818e-05 1.224563895864648624e-05 1.385931675500963510e-03
-4.403183295327123644e-05 1.208538926609636712e-05 1.386918751399217808e-03
-4.403095069268500675e-05 1.192598863741186046e-05 1.387905964925594112e-03
-4.403024642033388948e-05 1.176747763185622691e-05 1.388893321819305998e-03
-4.402976362244362694e-05 1.161000786414422214e-05 1.389880845415852580e-03
-4.402946640972011229e-05 1.145336447112136106e-05 1.390868500549490060e-03
-4.402934666540490015e-05 1.129747771645216132e-05 1.391856275429318585e-03
-4.402940686822889513e-05 1.114233041407392356e-05 1.392844166730327748e-03
-4.402970763471699897e-05 1.098811391034096013e-05 1.393832203684916386e-03
-4.403021758717947211e-05 1.083465936903564071e-05 1.394820359218896990e-03
-4.403092054516477078e-05 1.068187386980832283e-05 1.395808618306782845e-03
-4.403181717219085517e-05 1.052973328833742215e-05 1.396796976728885984e-03
-4.403294937654435358e-05 1.037833508412197869e-05 1.397785448884732032e-03
-4.403432316751283634e-05 1.022764892985985709e-05 1.398774029539801575e-03
-4.403590887050506865e-05 1.007755220552702901e-05 1.399762699557350340e-03
-4.403770199207592445e-05 9.928005982555471881e-06 1.400751452640479344e-03
-4.403972286720983249e-05 9.779034368681622700e-06 1.401740292017942223e-03
-4.404201998341412337e-05 9.630709002768954519e-06 1.402729227925719226e-03
-4.404454860140757477e-05 9.482888900209058162e-06 1.403718238937906333e-03
-4.404729842681671264e-05 9.335524974609996689e-06 1.404707317434796812e-03
-4.405027196205474419e-05 9.188600141080366466e-06 1.405696460606773541e-03
-4.405354689774505387e-05 9.042219020417115841e-06 1.406685683421684445e-03
-4.405707727238396861e-05 8.896260957276464347e-06 1.407674967884391809e-03
-4.406084419292095969e-05 8.750667475703815550e-06 1.408664305198134570e-03
-4.406484867699063244e-05 8.605418830891819527e-06 1.409653692265402198e-03
-4.406914515305739434e-05 8.460558432813510693e-06 1.410643135021246407e-03
-4.407373314447096419e-05 8.316045884545762473e-06 1.411632627337474624e-03
-4.407857777587919696e-05 8.171811084134983407e-06 1.412622158959927132e-03
-4.408367388999007977e-05 8.027826872655845431e-06 1.413611725813430572e-03
-4.408904962026581338e-05 7.884095570483374023e-06 1.414601327951734919e-03
-4.409475535360856795e-05 7.740621297225828848e-06 1.415590965536913867e-03
-4.410073857732268814e-05 7.597333369237110259e-06 1.416580628487555367e-03
-4.410698727947531659e-05 7.454201745261346519e-06 1.417570312415751413e-03
-4.411350401771246994e-05 7.311209326930997348e-06 1.418560014738050757e-03
-4.412038492005576081e-05 7.168364784371380746e-06 1.419549735943257058e-03
-4.412756705623507695e-05 7.025611385354137088e-06 1.420539468165178676e-03
-4.413502962009693316e-05 6.882920258889514399e-06 1.421529207292557620e-03
-4.414277432612749423e-05 6.740273935733642841e-06 1.422518950710701356e-03
-4.415086878768034935e-05 6.597652173808891473e-06 1.423508694865851252e-03
-4.415930486160582399e-05 6.455021150179281184e-06 1.424498434835095402e-03
-4.416804291273721455e-05 6.312358024863640826e-06 1.425488167559589396e-03
-4.417707731166379225e-05 6.169645152199440336e-06 1.426477890451080706e-03
-4.418644379267976997e-05 6.026853997649239470e-06 1.427467598962084546e-03
-4.419619495395250575e-05 5.883937103022796328e-06 1.428457285604336786e-03
-4.420627050270884513e-05 5.740888910064357736e-06 1.429446950032759291e-03
-4.421665671318009074e-05 5.597696220851506178e-06 1.430436590352512092e-03
-4.422735622671650229e-05 5.454341777301138692e-06 1.431426203915948762e-03
-4.423848222982344124e-05 5.310731233670292682e-06 1.432415775632063168e-03
-4.424995718425139130e-05 5.166884482471893769e-06 1.433405309064397564e-03
-4.426175774625123180e-05 5.022797923020728366e-06 1.434394803776421800e-03
-4.427388607175205740e-05 4.878454534499291613e-06 1.435384257091797122e-03
-4.428642036396257450e-05 4.733766090074917438e-06 1.436373654938058984e-03
-4.429934928884627699e-05 4.588713468183154722e-06 1.437362994382702236e-03
-4.431262718657857013e-05 4.443318040590202913e-06 1.438352278887832262e-03
-4.432624743212057786e-05 4.297570402276426811e-06 1.439341506908927391e-03
-4.434024940004330023e-05 4.151410542365818378e-06 1.440330668771065085e-03
-4.435469475351407341e-05 4.004741250587803054e-06 1.441319748836804348e-03
-4.436951343260011412e-05 3.857620866696161358e-06 1.442308756395678081e-03
-4.438468917209434562e-05 3.710052541343482830e-06 1.443297691800905259e-03
-4.440022471750464984e-05 3.562018713225315806e-06 1.444286552043406351e-03
-4.441624457145831688e-05 3.413327488839082881e-06 1.445275305889988891e-03
-4.443266654625749654e-05 3.264066758020946407e-06 1.446263967352086387e-03
-4.444946182840481085e-05 3.114260051438720730e-06 1.447252539960519222e-03
-4.446663179434014255e-05 2.963891608664892656e-06 1.448241020842133426e-03
-4.448425782583978922e-05 2.812816573010496293e-06 1.449229385925842727e-03
-4.450233826926829067e-05 2.661011750254417012e-06 1.450217630977046826e-03
-4.452081761901529184e-05 2.508547609481780067e-06 1.451205767158401374e-03
-4.453968666207550867e-05 2.355425074186214728e-06 1.452193794161047314e-03
-4.455897922218561287e-05 2.201570787275401999e-06 1.453181699288752559e-03
-4.457989506983376298e-05 2.049402477860716983e-06 1.454169831886446395e-03
-4.460051418406067882e-05 1.894771692451636130e-06 1.455157588017616695e-03
-4.462158799810207732e-05 1.739520991384082693e-06 1.456145238275973874e-03
-4.464337567743320562e-05 1.584259952826278957e-06 1.457132871422135928e-03
-4.466593721410523290e-05 1.428715489409306377e-06 1.458120442576715109e-03
-4.468913897946571784e-05 1.272933888778811457e-06 1.459107961542928465e-03
-4.471287070901219606e-05 1.116877886931739935e-06 1.460095424593887189e-03
-4.473705141115644852e-05 9.604209771596190349e-07 1.461082813307950767e-03
-4.476164523509503629e-05 8.033166317752951636e-07 1.462070088988161451e-03
-4.478657466047928504e-05 6.453880993048460165e-07 1.463057224731331230e-03
-4.481169860476771205e-05 4.866051910057268030e-07 1.464044218479682328e-03
-4.483692524546800613e-05 3.268549210399123535e-07 1.465031053478974606e-03
-4.486218784114900574e-05 1.660007612125300544e-07 1.466017708203542266e-03
-4.488748305826761355e-05 3.786169198931890750e-09 1.467004139282186313e-03
-4.491269473578284515e-05 -1.597130934651458024e-07 1.467990360413269071e-03
-4.494366058249852551e-05 -3.100341692567514752e-07 1.468978488158817529e-03
-4.497062529058817908e-05 -4.710795951289219816e-07 1.469965041921064870e-03
-4.499775421820863551e-05 -6.327616587553487663e-07 1.470951510979372386e-03
-4.502640628781891165e-05 -7.916039391105211396e-07 1.471938398333140019e-03
-4.505640129231712184e-05 -9.478762942747880145e-07 1.472925656168061004e-03
-4.508752634855267815e-05 -1.102037318138421753e-06 1.473913211133976494e-03
-4.511953462552875638e-05 -1.254701554681101474e-06 1.474900970571744194e-03
-4.515214293817885501e-05 -1.406592751438697075e-06 1.475888829699265959e-03
-4.518501939639573279e-05 -1.558343100163068916e-06 1.476876701636154138e-03
-4.521784083542820494e-05 -1.710674076458377988e-06 1.477864485998249414e-03
-4.525029353506587819e-05 -1.864318916167474394e-06 1.478852078898743126e-03
-4.528207648448736108e-05 -2.020044987240824133e-06 1.479839367305205719e-03
-4.531291165434757617e-05 -2.178405367856608084e-06 1.480826266434131675e-03
-4.534257008984702745e-05 -2.339879686627796718e-06 1.481812696676551621e-03
-4.537087535209854630e-05 -2.504852128843518108e-06 1.482798587471972560e-03
-4.540678664399690895e-05 -2.650287624890048093e-06 1.483787248636133684e-03
-4.543399733828571200e-05 -2.817607508813528191e-06 1.484772681010053993e-03
-4.546065901656016274e-05 -2.986298732209009779e-06 1.485757986398547137e-03
-4.548838127790389118e-05 -3.152037998124360150e-06 1.486743765802637889e-03
-4.551680181458549391e-05 -3.315660481121914276e-06 1.487729878994829965e-03
-4.554571870210406760e-05 -3.477545193719939135e-06 1.488716264667578389e-03
-4.557498573182091711e-05 -3.638083146729832393e-06 1.489702860197602034e-03
-4.560441401157084776e-05 -3.797759332298269682e-06 1.490689590859319924e-03
-4.563379024063716382e-05 -3.957110956642291660e-06 1.491676375581499001e-03
-4.566284877434860002e-05 -4.116695174565659164e-06 1.492663132107324622e-03
-4.569136392686576841e-05 -4.277044422366392018e-06 1.493649780392961078e-03
-4.571916111029516967e-05 -4.438663396553573459e-06 1.494636241874364863e-03
-4.574606228862544851e-05 -4.602008576915229187e-06 1.495622443702329272e-03
-4.577189432051080088e-05 -4.767457766352338593e-06 1.496608323189975833e-03
-4.579645211687243688e-05 -4.935272827595339435e-06 1.497593835171617599e-03
-4.583019736060119618e-05 -5.077703640372371958e-06 1.498582976601032721e-03
-4.584920971841791211e-05 -5.257013165442146144e-06 1.499566337661874076e-03
-4.587033985113291224e-05 -5.430433629369225517e-06 1.500550925980287257e-03
-4.589274858328547463e-05 -5.599112972879857528e-06 1.501536342027509326e-03
-4.591507218180135839e-05 -5.766430603446870565e-06 1.502521992163151051e-03
-4.593728443307254451e-05 -5.932575824493793243e-06 1.503507843155571901e-03
-4.595930952955699944e-05 -6.097769036383804391e-06 1.504493858349687527e-03
-4.598100753563642731e-05 -6.262236029687626520e-06 1.505480002209776428e-03
-4.600219851513806849e-05 -6.426200015105155897e-06 1.506466240860604173e-03
-4.602286565168049894e-05 -6.589983106392375231e-06 1.507452520702008475e-03
-4.604293074365841852e-05 -6.753873817742471000e-06 1.508438795088264291e-03
-4.606515873260695382e-05 -6.909065468569446001e-06 1.509426419823912957e-03
-4.608435752657139901e-05 -7.071355240355766561e-06 1.510412965054145577e-03
-4.610226190133997072e-05 -7.235528111175934272e-06 1.511399234104700328e-03
-4.611953175139313848e-05 -7.399629750947162386e-06 1.512385526323980047e-03
-4.614974173387325723e-05 -7.525070738847326557e-06 1.513376974235657296e-03
-4.616007254217872408e-05 -7.701764210779281407e-06 1.514360701547568487e-03
-4.617468929190950209e-05 -7.865195940027652855e-06 1.515347051746829699e-03
-4.619186262762489507e-05 -8.019089102003047282e-06 1.516334988592531229e-03
-4.620941227448278627e-05 -8.169123444691427254e-06 1.517323512485678570e-03
-4.622715515887704197e-05 -8.315816613955815783e-06 1.518312534572837779e-03
-4.624466459169320793e-05 -8.459636740913877552e-06 1.519301982896381718e-03
-4.626187207486956926e-05 -8.601422102363088566e-06 1.520291730475499103e-03
-4.627857757569778561e-05 -8.741984497671533114e-06 1.521281661239430160e-03
-4.629452643127187998e-05 -8.882125461382245620e-06 1.522271664288418497e-03
-4.630930499651536841e-05 -9.022509889514932708e-06 1.523261650932537402e-03
-4.632269027369736742e-05 -9.163899860978459813e-06 1.524251514162210108e-03
-4.633457837615037258e-05 -9.307070078164699089e-06 1.525241140391275308e-03
-4.634481296600629718e-05 -9.452635528025337352e-06 1.526230435393250914e-03
-4.635320083913488880e-05 -9.601033655849218996e-06 1.527219326618784769e-03
-4.637268609733887051e-05 -9.711053906206102123e-06 1.528212882758221052e-03
-4.636969593226617008e-05 -9.883063125830366983e-06 1.529197338133777640e-03
-4.637080832988906524e-05 -1.004226649107056385e-05 1.530184480536163783e-03
-4.637310379310799713e-05 -1.019490606131926733e-05 1.531172759684957000e-03
-4.637406045345644995e-05 -1.034713232278188144e-05 1.532161104735093628e-03
-4.637380659120791910e-05 -1.049918213449584545e-05 1.533149477429063007e-03
-4.637416640813882182e-05 -1.064457255041525818e-05 1.534138846514885527e-03
-4.637220887669371496e-05 -1.079504121261945550e-05 1.535127453554806188e-03
-4.636890957587578687e-05 -1.094663664151412250e-05 1.536115890589810238e-03
-4.636466313822591641e-05 -1.109788159567840258e-05 1.537104377705509955e-03
-4.635963900318696058e-05 -1.124902421928288875e-05 1.538092876861421382e-03
-4.635391011457785964e-05 -1.140022410079998227e-05 1.539081363431725556e-03
-4.634750963115740624e-05 -1.155159219663687024e-05 1.540069820137458193e-03
-4.634027110992866246e-05 -1.170306288811814063e-05 1.541058255321174023e-03
-4.633239590745024555e-05 -1.185483164701231555e-05 1.542046639939279561e-03
-4.633281289984725820e-05 -1.197509747573802846e-05 1.543039250989101420e-03
-4.631196058444027579e-05 -1.215864381193146830e-05 1.544021344059675303e-03
-4.629722371024224650e-05 -1.232316121437049744e-05 1.545007424646329536e-03
-4.628381452792818256e-05 -1.248049377746548861e-05 1.545994878663228302e-03
-4.626870150108870885e-05 -1.263963596597696356e-05 1.546982018179502956e-03
-4.625209569102825899e-05 -1.280021018580436521e-05 1.547968901930161026e-03
-4.623417543978102092e-05 -1.296170146565503900e-05 1.548955613167274196e-03
-4.621510470818093177e-05 -1.312349949614023274e-05 1.549942252666649655e-03
-4.619528913779579886e-05 -1.328512340217639212e-05 1.550928906090096862e-03
-4.617505243563175507e-05 -1.344600840144171410e-05 1.551915671692541496e-03
-4.615467832805510178e-05 -1.360557223166782489e-05 1.552902648868892963e-03
-4.613426725917913867e-05 -1.376314184086374971e-05 1.553889945417264145e-03
-4.611417383810762475e-05 -1.391831390238856031e-05 1.554877627999026344e-03
-4.609465629179452633e-05 -1.407071879508991542e-05 1.555865752714330127e-03
-4.607587569178704315e-05 -1.422004456557247060e-05 1.556854361548531225e-03
-4.605934187533368017e-05 -1.436009032431868429e-05 1.557844358579411892e-03
-4.602810364142761421e-05 -1.454575760650496323e-05 1.558826154840858152e-03
-4.600101984321905012e-05 -1.471797837193021068e-05 1.559810752111914431e-03
-4.597644460827309188e-05 -1.488134817783371240e-05 1.560797009897933654e-03
-4.594995349324936592e-05 -1.504952770262396976e-05 1.561782405873656139e-03
-4.592106480081890218e-05 -1.522352466978564978e-05 1.562766725191298660e-03
-4.589028076929578905e-05 -1.540207417130991146e-05 1.563750172627719447e-03
-4.585807906821912875e-05 -1.558366260246743095e-05 1.564733019094212982e-03
-4.582493906681359532e-05 -1.576662599667223480e-05 1.565715579953645947e-03
-4.579123012650039809e-05 -1.594915478918723824e-05 1.566698202363541554e-03
-4.575751683904492580e-05 -1.612959588484890448e-05 1.567681209714965034e-03
-4.572431894273094091e-05 -1.630636450772676650e-05 1.568664900736622004e-03
-4.569206629614870819e-05 -1.647799307703486283e-05 1.569649531778474555e-03
-4.566105302891276531e-05 -1.664317391819919822e-05 1.570635303390546323e-03
-4.563154644791321557e-05 -1.680090024179588219e-05 1.571622340174726011e-03
-4.561261219915487832e-05 -1.695531292273799712e-05 1.572610151103167849e-03
-4.558032084071653042e-05 -1.713358107001936476e-05 1.573593490471906445e-03
-4.555416947313031063e-05 -1.728898649944010416e-05 1.574580868455254879e-03
-4.553195109222450996e-05 -1.743885292858333332e-05 1.575569324328833509e-03
-4.551133433929354023e-05 -1.759084754267512685e-05 1.576557490043915951e-03
-4.549206875466338450e-05 -1.774447293404771630e-05 1.577545431048649324e-03
-4.547380076717961908e-05 -1.789911560955960380e-05 1.578533232474839745e-03
-4.545602390419369455e-05 -1.805402934873172425e-05 1.579521000509883765e-03
-4.543834277697450307e-05 -1.820852417729927215e-05 1.580508835858480737e-03
-4.542033657313343384e-05 -1.836189240688094909e-05 1.581496840755060567e-03
-4.540516562128593539e-05 -1.851558123046982896e-05 1.582484842490472238e-03
-4.538622070531144397e-05 -1.866523499643973877e-05 1.583473394788594999e-03
-4.536345420683121670e-05 -1.881845771040917411e-05 1.584461320636018503e-03
-4.534041568638429035e-05 -1.896407512538878952e-05 1.585450383897931640e-03
-4.531593726240900336e-05 -1.910522228874158329e-05 1.586440068871939994e-03
-4.532552945223705453e-05 -1.926450596539697077e-05 1.587427068841396754e-03
-4.530810769413738123e-05 -1.941361029222551024e-05 1.588415562763120965e-03
-4.529064716079670783e-05 -1.955741022059491566e-05 1.589405006956598173e-03
-4.528139773277858556e-05 -1.970458491101356120e-05 1.590394067836569227e-03
-4.527911865956306929e-05 -1.985598898449925391e-05 1.591382532270445294e-03
-4.528253490086505409e-05 -2.001084980934890437e-05 1.592370459527937040e-03
-4.529022173195328881e-05 -2.016830414254859664e-05 1.593357954194164544e-03
-4.530054377021183824e-05 -2.032736482775068207e-05 1.594345168473843867e-03
-4.531170849863184710e-05 -2.048695384721695360e-05 1.595332288850840902e-03
-4.532182977516750375e-05 -2.064594214948775914e-05 1.596319517241244750e-03
-4.532907959604060710e-05 -2.080323337269497918e-05 1.597307041858208590e-03
-4.533179192526000487e-05 -2.095781876103150379e-05 1.598295015218175906e-03
-4.532844764083872736e-05 -2.110877647219115545e-05 1.599283545784109051e-03
-4.531775712890508302e-05 -2.125532075359254594e-05 1.600272686435627329e-03
-4.529869755202582443e-05 -2.139683083607352024e-05 1.601262432546549574e-03
-4.532334245693630268e-05 -2.156661225272071692e-05 1.602247296849522397e-03
-4.530372643822008712e-05 -2.170987907609657890e-05 1.603236361556862645e-03
-4.527540559101943843e-05 -2.184719055814054867e-05 1.604226483667098822e-03
-4.525170922652995309e-05 -2.198788473910513015e-05 1.605216250259043111e-03
-4.523256894287518978e-05 -2.213213574470936161e-05 1.606205603857964589e-03
-4.521736135616081186e-05 -2.227945238442672414e-05 1.607194574561296918e-03
-4.520529294702311021e-05 -2.242922217772663377e-05 1.608183220700687768e-03
-4.519542462657261578e-05 -2.258073820169257781e-05 1.609171625722549681e-03
-4.518675955181261742e-05 -2.273324153779717965e-05 1.610159890554673954e-03
-4.517828668080206978e-05 -2.288594673371814644e-05 1.611148126019103970e-03
-4.516897270462338909e-05 -2.303806225398398282e-05 1.612136444722437603e-03
-4.515781044875204209e-05 -2.318882501782600390e-05 1.613124951153163461e-03
-4.514385484067023299e-05 -2.333753425274580649e-05 1.614113732523631299e-03
-4.512632644027786622e-05 -2.348357643520097900e-05 1.615102853813591213e-03
-4.510457087740628806e-05 -2.362644557375091726e-05 1.616092353824454507e-03
-4.513989474996802812e-05 -2.380914997009623589e-05 1.617074228357961259e-03
-4.509274511058617454e-05 -2.393791241803359493e-05 1.618062961278504035e-03
-4.505732406048324688e-05 -2.407323309338208454e-05 1.619052863799997624e-03
-4.503409734041180940e-05 -2.421719600952169544e-05 1.620042172933059072e-03
-4.501312641592522426e-05 -2.436369236568228030e-05 1.621031160931166171e-03
-4.499378429755641884e-05 -2.451215566204209247e-05 1.622019889195158845e-03
-4.497381125920046040e-05 -2.466103830589440603e-05 1.623008542213696254e-03
-4.496764583812647983e-05 -2.482099230156702583e-05 1.623995602826479746e-03
-4.494883747302876156e-05 -2.497195644843198207e-05 1.624983904952090894e-03
-4.492864912674043144e-05 -2.512166007807057033e-05 1.625972427771175738e-03
-4.490832917114867632e-05 -2.527126015928658913e-05 1.626960965334780856e-03
-4.488616133843988533e-05 -2.541941364996587840e-05 1.627949680660443869e-03
-4.486147540159869884e-05 -2.556543907155883508e-05 1.628938652389329972e-03
-4.483370986474024758e-05 -2.570876126446295127e-05 1.629927937332471821e-03
-4.480244430223860477e-05 -2.584896722263041197e-05 1.630917563922431278e-03
-4.482976790746951920e-05 -2.603644188991399608e-05 1.631898610623252381e-03
-4.476252572889158918e-05 -2.615530316573412055e-05 1.632886470544852057e-03
-4.471164082565247708e-05 -2.628402559573741082e-05 1.633876339582078204e-03
-4.467531294902788613e-05 -2.642452648341715488e-05 1.634865752772868882e-03
-4.463960844584486575e-05 -2.656744614746013683e-05 1.635854842310921486e-03
-4.460446580735930689e-05 -2.671239169826674888e-05 1.636843657294798473e-03
-4.456980589730474748e-05 -2.685890260037819316e-05 1.637832258748828443e-03
-4.453554029175291282e-05 -2.700647577686856443e-05 1.638820716054290114e-03
-4.450157910136291848e-05 -2.715458864000281416e-05 1.639809103211418029e-03
-4.446779565285958303e-05 -2.730263399993340098e-05 1.640797506590093054e-03
-4.443406726119356488e-05 -2.745003337092612582e-05 1.641786008344913632e-03
-4.438545914086384749e-05 -2.758572898791539636e-05 1.642775516933667060e-03
-4.434633187469418108e-05 -2.772666622912975805e-05 1.643764727023240904e-03
-4.431764775907234930e-05 -2.787544502400660497e-05 1.644753170883991736e-03
-4.427002923945330107e-05 -2.800755071407686134e-05 1.645743157638129839e-03
-4.428989500683600032e-05 -2.819610594019919173e-05 1.646723746530450849e-03
-4.420147492757803097e-05 -2.829816086094369494e-05 1.647710803237819504e-03
-4.413696559737361678e-05 -2.841617351153600423e-05 1.648700919770880891e-03
-4.408924745597889600e-05 -2.854812118673255971e-05 1.649691027030747653e-03
-4.404137001185760012e-05 -2.868154523585942042e-05 1.650680928732868894e-03
-4.399361805311800632e-05 -2.881644204502427923e-05 1.651670636876078832e-03
-4.394628098558336140e-05 -2.895277360241613180e-05 1.652660168333475654e-03
-4.389957009997258171e-05 -2.909035367228328747e-05 1.653649556772171210e-03
-4.385369534669997341e-05 -2.922898603040316264e-05 1.654638837448063528e-03
-4.380885664976490266e-05 -2.936846507103285317e-05 1.655628046611073425e-03
-4.376529451250208520e-05 -2.950866371166859469e-05 1.656617211046030030e-03
-4.372312997555766856e-05 -2.964931066366764266e-05 1.657606372411049751e-03
-4.368247616690059331e-05 -2.979017294941100564e-05 1.658595566354934209e-03
-4.364344194414189509e-05 -2.993107252777944523e-05 1.659584820193774849e-03
-4.359682667964119189e-05 -3.006422219382228646e-05 1.660574800479989316e-03
-4.360960610935189904e-05 -3.025260786738649996e-05 1.661555703815272879e-03
-4.352866756606617440e-05 -3.035696045944221883e-05 1.662543276309533680e-03
-4.346928340754545821e-05 -3.047779419424867842e-05 1.663533236247258977e-03
-4.342662406520719927e-05 -3.061367146651260666e-05 1.664523042147521585e-03
-4.339403343020886250e-05 -3.076206316853084572e-05 1.665511384770553254e-03
-4.333950873091652349e-05 -3.089161487864200688e-05 1.666501245190400672e-03
-4.328700517464237904e-05 -3.102265978998800043e-05 1.667491191313530451e-03
-4.323828123821172329e-05 -3.115772242665789695e-05 1.668480829599741297e-03
-4.318987531685652254e-05 -3.129393480618773953e-05 1.669470325755538151e-03
-4.314254788163493867e-05 -3.143163506293154082e-05 1.670459667911209419e-03
-4.309704415151280625e-05 -3.157114186991098748e-05 1.671448842122372994e-03
-4.305405833806031241e-05 -3.171277703566243448e-05 1.672437825984917541e-03
-4.301417442346076034e-05 -3.185689078253045576e-05 1.673426581149479444e-03
-4.297784537380660718e-05 -3.200370123782626797e-05 1.674415076139854899e-03
-4.294539244901407824e-05 -3.215325539500786490e-05 1.675403294405767348e-03
-4.295024723135685408e-05 -3.234445352016024258e-05 1.676384134749760559e-03
-4.288084073809856126e-05 -3.246438762482760072e-05 1.677370612739003059e-03
-4.281932144663479721e-05 -3.258976019331986251e-05 1.678359644276695723e-03
-4.278114822259569206e-05 -3.273888387373699523e-05 1.679347725322484020e-03
-4.273876736945072776e-05 -3.288673793624984266e-05 1.680335821990074563e-03
-4.270501177431636338e-05 -3.304206085011760126e-05 1.681323066167581806e-03
-4.266226119168095365e-05 -3.319240722009500277e-05 1.682310709872296374e-03
-4.261246265865069381e-05 -3.333890016132944615e-05 1.683298667233938629e-03
-4.256240909527985860e-05 -3.348603549484763887e-05 1.684286516269718282e-03
-4.251284465855399914e-05 -3.363411125636145410e-05 1.685274249326299467e-03
-4.246566893453316660e-05 -3.378521932888970850e-05 1.686261637467418792e-03
-4.240954332055782867e-05 -3.392786810475073838e-05 1.687249774648625234e-03
-4.235836769924311357e-05 -3.407456322269277431e-05 1.688237596205533278e-03
-4.231301277635300033e-05 -3.422607058338147961e-05 1.689225010347055172e-03
-4.226950352921962666e-05 -3.437861854178302101e-05 1.690212347873456568e-03
-4.225449314353578505e-05 -3.456796073565260291e-05 1.691193668370685960e-03
-4.217783118768051153e-05 -3.469048214944577024e-05 1.692180464322713034e-03
-4.211156501404169484e-05 -3.482187943235941831e-05 1.693168749492539099e-03
-4.206021806087390332e-05 -3.497095135433913736e-05 1.694156238830427054e-03
-4.200416191261095641e-05 -3.511814240237684872e-05 1.695143754584207268e-03
-4.194386154025876587e-05 -3.526379082345200948e-05 1.696131249681438313e-03
-4.187997393561672860e-05 -3.540825501766818031e-05 1.697118693805372593e-03
-4.181319034122929707e-05 -3.555204513969301676e-05 1.698106045228050479e-03
-4.175363033381418177e-05 -3.570370205275319892e-05 1.699092657112939719e-03
-4.168868686534368660e-05 -3.585293637180460605e-05 1.700079304368927588e-03
-4.162160688570678890e-05 -3.600216009784970301e-05 1.701065828842203941e-03
-4.155646482372470373e-05 -3.615459970455505139e-05 1.702051990908893348e-03
-4.149384562442004639e-05 -3.631069879367184925e-05 1.703037743306434759e-03
-4.143390369680829781e-05 -3.647109614194105781e-05 1.704022971404602071e-03
-4.137715031977577196e-05 -3.663586818456044102e-05 1.705007666011734615e-03
-4.133439623335377980e-05 -3.682222436960902028e-05 1.705989113147337189e-03
-4.124882326756194656e-05 -3.695547044593685307e-05 1.706975472014054043e-03
-4.116574746694905005e-05 -3.709383273428480638e-05 1.707962186442431090e-03
-4.109623767197265941e-05 -3.725028839696031558e-05 1.708947398369205836e-03
-4.102433824975991954e-05 -3.740599369509347297e-05 1.709932574828676791e-03
-4.094646884856993684e-05 -3.755708508658126053e-05 1.710918017665092336e-03
-4.086344026829127760e-05 -3.770474164228592454e-05 1.711903561749879765e-03
-4.077605094285234393e-05 -3.785045521830936898e-05 1.712889019410216698e-03
-4.068565509307513054e-05 -3.799547108422098030e-05 1.713874310037576988e-03
-4.059356278211102262e-05 -3.814118658476338636e-05 1.714859340678051526e-03
-4.050098591021602449e-05 -3.828908876620344546e-05 1.715843999536045394e-03
-4.041189028022785146e-05 -3.844358039764592339e-05 1.716827958801813532e-03
-4.032310145879167195e-05 -3.860211421853766413e-05 1.717811311154144411e-03
-4.023639849617711577e-05 -3.876627204858232539e-05 1.718793921126526543e-03
-4.015368011381556648e-05 -3.893790252331690835e-05 1.719775595539958920e-03
-4.007523569843068082e-05 -3.911775762354862600e-05 1.720756146327944054e-03
-3.997059642584175747e-05 -3.926484376862491812e-05 1.721739304953989269e-03
-3.987835017907846984e-05 -3.943116391132014752e-05 1.722720696417355491e-03
-3.979256648396554518e-05 -3.960857756275374438e-05 1.723701083038540680e-03
-3.970238877914278395e-05 -3.978253793976621789e-05 1.724681694976234374e-03
-3.960782801832148569e-05 -3.995415657108247173e-05 1.725662307286040783e-03
-3.950971116229805410e-05 -4.012419988135870172e-05 1.726642845831703093e-03
-3.940886325428600624e-05 -4.029363535193226134e-05 1.727623213098879434e-03
-3.930460048098945793e-05 -4.046177410870111538e-05 1.728603445289135206e-03
-3.919924937872223708e-05 -4.063276183205153817e-05 1.729583067552546488e-03
-3.909324511185111755e-05 -4.080739157286387313e-05 1.730561977749932269e-03
-3.898698251894746301e-05 -4.098593259528127489e-05 1.731540153461226745e-03
-3.888114633721559546e-05 -4.116935003462749543e-05 1.732517471817950202e-03
-3.877611392008047082e-05 -4.135858060237700720e-05 1.733493766949479632e-03
-3.867202312481990130e-05 -4.155441079964426309e-05 1.734468859685677758e-03
-3.856945791737047475e-05 -4.175701661523674061e-05 1.735442728864272123e-03
-3.845716756561137821e-05 -4.194766772933933329e-05 1.736417884313945503e-03
-3.834995991545102893e-05 -4.215044289967428010e-05 1.737391146191141246e-03
-3.824449349993695540e-05 -4.236085429119601942e-05 1.738363052747920979e-03
-3.813710271341581387e-05 -4.257230593506234316e-05 1.739334523076006053e-03
-3.802801058607541476e-05 -4.278463574804725338e-05 1.740305612267491848e-03
-3.791724601329892814e-05 -4.299779719878903957e-05 1.741276329880851953e-03
-3.780455238782468301e-05 -4.321186996521977349e-05 1.742246624658581183e-03
-3.768988014647449891e-05 -4.342681874200008074e-05 1.743216493903536899e-03
-3.757349085722589235e-05 -4.364248135172528378e-05 1.744186000238231093e-03
-3.745548477457851162e-05 -4.385877997411038331e-05 1.745155169391708529e-03
-3.733579195226913167e-05 -4.407570532119044416e-05 1.746123991527219086e-03
-3.721407381598603148e-05 -4.429331726681236101e-05 1.747092407077915216e-03
-3.709062727976626222e-05 -4.451146354708924405e-05 1.748060483829966824e-03
-3.696561875396648950e-05 -4.473005139847549614e-05 1.749028260497382473e-03
-3.683905831394260037e-05 -4.494904522394453628e-05 1.749995743639691992e-03
-3.671058453333534224e-05 -4.516847785629636049e-05 1.750962874910300029e-03
-3.658035312170223365e-05 -4.538825516230826092e-05 1.751929692958664785e-03
-3.644857783072008106e-05 -4.560828849664607504e-05 1.752896243591663865e-03
-3.631530438840642808e-05 -4.582853451102815326e-05 1.753862540344309790e-03
-3.618034623343128477e-05 -4.604897063952443433e-05 1.754828559789411166e-03
-3.604358914730530929e-05 -4.626954334579791325e-05 1.755794295002865860e-03
-3.590527948158345444e-05 -4.649018162611086991e-05 1.756759794227931784e-03
-3.576552462636568635e-05 -4.671083991454493591e-05 1.757725080752645368e-03
-3.562430132932934383e-05 -4.693148090007437552e-05 1.758690157479901334e-03
-3.548124420683264747e-05 -4.715202573453766151e-05 1.759654985880283263e-03
-3.533662949617420338e-05 -4.737243051555487314e-05 1.760619614262221326e-03
-3.519062182924449534e-05 -4.759266295154840896e-05 1.761584072159758920e-03
-3.504323071829864943e-05 -4.781268779093039923e-05 1.762548366997555458e-03
-3.489417041667826146e-05 -4.803239728791735050e-05 1.763512477000164476e-03
-3.474352301891667151e-05 -4.825174009221611132e-05 1.764476423889261864e-03
-3.459148851956889473e-05 -4.847070911389408422e-05 1.765440238025181661e-03
-3.443812205069929090e-05 -4.868927812689406140e-05 1.766403931919869339e-03
-3.428329330366731374e-05 -4.890735655469803655e-05 1.767367503060271331e-03
-3.412684614927353696e-05 -4.912481581450344858e-05 1.768330952653325398e-03
-3.396900864148032597e-05 -4.934168316175974785e-05 1.769294309013757539e-03
-3.380989016519085459e-05 -4.955795767809549672e-05 1.770257587915813162e-03
-3.364949999329461304e-05 -4.977360387297719593e-05 1.771220796775081242e-03
-3.348747550936834411e-05 -4.998835782956642963e-05 1.772183931229699130e-03
-3.332405949143121907e-05 -5.020228455012801260e-05 1.773147014889336383e-03
-3.315941090854981996e-05 -5.041542361651125834e-05 1.774110063254536124e-03
-3.299354125583323771e-05 -5.062774057357107672e-05 1.775073083676013443e-03
-3.282623742779417511e-05 -5.083902303720478570e-05 1.776036083386141676e-03
-3.265751389784594472e-05 -5.104920300937128855e-05 1.776999076701513657e-03
-3.248755631358802621e-05 -5.125836218112913894e-05 1.777962075344549728e-03
-3.231642817224166062e-05 -5.146650434672109568e-05 1.778925087033960328e-03
-3.214405654954985577e-05 -5.167351202740711846e-05 1.779888121427449996e-03
-3.197024289721627735e-05 -5.187911406612145287e-05 1.780851197600145193e-03
-3.179519734570342794e-05 -5.208344428831366120e-05 1.781814321516728659e-03
-3.161903182526048183e-05 -5.228656122889950206e-05 1.782777497859775470e-03
-3.144175560086469285e-05 -5.248842839629077510e-05 1.783740733149190901e-03
-3.126309978829134738e-05 -5.268865277996112232e-05 1.784704056155060874e-03
-3.108320664326706656e-05 -5.288732187911216706e-05 1.785667471097977148e-03
-3.090222576886327715e-05 -5.308455733332971695e-05 1.786630976917889888e-03
-3.072018515101115823e-05 -5.328034470207333376e-05 1.787594578427051687e-03
-3.053695120931006950e-05 -5.347442883625120794e-05 1.788558298153705055e-03
-3.035246155996213914e-05 -5.366662469533563928e-05 1.789522156680156901e-03
-3.016688912057522885e-05 -5.385711581109237447e-05 1.790486145927564724e-03
-2.998030843996254001e-05 -5.404595871398638109e-05 1.791450264826469334e-03
-2.979271165844753658e-05 -5.423308463159937732e-05 1.792414521286548202e-03
-2.960388035291791891e-05 -5.441800133690228864e-05 1.793378962602931595e-03
-2.941395948032796048e-05 -5.460090033898272200e-05 1.794343575015639380e-03
-2.922307970391345002e-05 -5.478194523071430684e-05 1.795308347938837697e-03
-2.903126430967024383e-05 -5.496111606154255617e-05 1.796273285127005046e-03
-2.883834511672179178e-05 -5.513798258110214610e-05 1.797238427044082869e-03
-2.864435180762294267e-05 -5.531250260043562347e-05 1.798203780903908115e-03
-2.844942777908894096e-05 -5.548490676662643151e-05 1.799169327600977364e-03
-2.825362810490043952e-05 -5.565525886801989006e-05 1.800135061335259370e-03
-2.805692370253473237e-05 -5.582342571974042251e-05 1.801100994102731914e-03
-2.785921448570721570e-05 -5.598905683716847131e-05 1.802067159598256130e-03
-2.766068277709267623e-05 -5.615252306548969849e-05 1.803033525498253962e-03
-2.746143282068815437e-05 -5.631402387610783374e-05 1.804000074031206777e-03
-2.726149493323626284e-05 -5.647357842300042117e-05 1.804966803742580599e-03
-2.706076575800452045e-05 -5.663076808182707485e-05 1.805933756575285078e-03
-2.687550547673490736e-05 -5.681983143950670653e-05 1.806897826192410293e-03
-2.668109775231314185e-05 -5.698894714550994115e-05 1.807863800647483039e-03
-2.648285130812543217e-05 -5.714933285211555087e-05 1.808830737843753747e-03
-2.628739430661959991e-05 -5.731481202365667647e-05 1.809797384912499802e-03
-2.609456427376184885e-05 -5.748483354644603240e-05 1.810763772044053426e-03
-2.590418622819001544e-05 -5.765907646588437651e-05 1.811729893624017002e-03
-2.571595678495945103e-05 -5.783690172268361599e-05 1.812695784258570647e-03
-2.552946876810249977e-05 -5.801739882308020303e-05 1.813661517816273850e-03
-2.534420493390188972e-05 -5.819912294682430776e-05 1.814627257586144335e-03
-2.515971497324865993e-05 -5.838119662397015967e-05 1.815593079792107061e-03
-2.497550093485403303e-05 -5.856264999048187462e-05 1.816559071340086108e-03
-2.479101819508500266e-05 -5.874230318554213667e-05 1.817525347618199373e-03
-2.460571965954321664e-05 -5.891876984623497881e-05 1.818492053908509496e-03
-2.441910443171446741e-05 -5.909080154402483650e-05 1.819459304990688787e-03
-2.423071031238015270e-05 -5.925753909984263961e-05 1.820427137187881177e-03
-2.404010932238222209e-05 -5.941809031763159422e-05 1.821395581684591945e-03
-2.385499296248056581e-05 -5.958685811743405264e-05 1.822363668338092572e-03
-2.366293637629432434e-05 -5.973211496173905889e-05 1.823334059578954856e-03
-2.346663486798169454e-05 -5.984963007060168603e-05 1.824307478564922555e-03
-2.327016813415366640e-05 -5.997774225827851442e-05 1.825279518651190536e-03
-2.308808526479184280e-05 -6.016894770591412194e-05 1.826243304188078986e-03
-2.289729953939998870e-05 -6.031813564058748756e-05 1.827212506375178267e-03
-2.270121866586775292e-05 -6.044051803133598490e-05 1.828185426117640922e-03
-2.250646875115801764e-05 -6.056519863128178557e-05 1.829158321748346932e-03
-2.231261422159136311e-05 -6.069150396022838536e-05 1.830131187024496399e-03
-2.211923153825248164e-05 -6.081857643087503688e-05 1.831104046545770558e-03
-2.192602652182780421e-05 -6.094530524837716629e-05 1.832076986166192084e-03
-2.173253898466456918e-05 -6.107099334151323475e-05 1.833050004516604018e-03
-2.153835265051923234e-05 -6.119495873396612869e-05 1.834023104308251436e-03
-2.134317032279867645e-05 -6.131648065655291005e-05 1.834996312593727358e-03
-2.114689512838423027e-05 -6.143481672871060363e-05 1.835969693082557504e-03
-2.096009624697998960e-05 -6.154338544738038343e-05 1.836946022594885706e-03
-2.076866807866569709e-05 -6.164991456454451747e-05 1.837921696791741883e-03
-2.057322606869383934e-05 -6.175429025354073082e-05 1.838896836497993723e-03
-2.038064563478752666e-05 -6.185278966264773381e-05 1.839873156246550536e-03
-2.019097952761363075e-05 -6.194570988791906852e-05 1.840850593291235796e-03
-2.000971751482532671e-05 -6.201074219556100239e-05 1.841831637062772481e-03
-1.983101668931442735e-05 -6.212448423174477962e-05 1.842807480628652671e-03
-1.965133042762014982e-05 -6.223436414433472237e-05 1.843784283985223796e-03
-1.946043548835981710e-05 -6.228551600162818942e-05 1.844764257319349461e-03
-1.927428120968773673e-05 -6.234617733380379886e-05 1.845744576387867413e-03
-1.909620698875052599e-05 -6.242651548474603619e-05 1.846725308259495203e-03
-1.891718967837300276e-05 -6.250853025264069707e-05 1.847705729045927628e-03
-1.873701704600487354e-05 -6.259337814798655864e-05 1.848685696244964328e-03
-1.855572283500294428e-05 -6.268198253203791266e-05 1.849665123318174368e-03
-1.837308547920798963e-05 -6.277516825922730564e-05 1.850643874411392375e-03
-1.819823949050180221e-05 -6.288075976552434632e-05 1.851622734905261029e-03
-1.801144978060321853e-05 -6.296829646917081146e-05 1.852600954603309414e-03
-1.782183506356316681e-05 -6.306065390962503874e-05 1.853578333116010076e-03
-1.763657089005102094e-05 -6.316420442232292126e-05 1.854555550833028631e-03
-1.745161868736313704e-05 -6.326759583783630753e-05 1.855532844466686914e-03
-1.726726933153796721e-05 -6.337037864819898862e-05 1.856510316079029938e-03
-1.708402935371259728e-05 -6.347201513184933745e-05 1.857488115830943382e-03
-1.690257226250813097e-05 -6.357193934388111287e-05 1.858466423950682744e-03
-1.672308067392660037e-05 -6.366966372010779440e-05 1.859445316534178360e-03
-1.654596171173439639e-05 -6.377093094165929902e-05 1.860424277469816283e-03
-1.637170379603017904e-05 -6.387616003940908946e-05 1.861403336846276972e-03
-1.620038927504265159e-05 -6.400690088318465771e-05 1.862379707179566152e-03
-1.603281074658654645e-05 -6.411990456144511655e-05 1.863358896399770022e-03
-1.585398274733952929e-05 -6.415512971897849043e-05 1.864341193753864343e-03
-1.568441084275395278e-05 -6.422208498181739618e-05 1.865323662303383255e-03
-1.553521346082755887e-05 -6.432717828928056526e-05 1.866306784518093152e-03
-1.536804699528559874e-05 -6.442202279774940691e-05 1.867287964562280769e-03
-1.520427867385075342e-05 -6.450438945891398914e-05 1.868270972423506735e-03
-1.504764117473746098e-05 -6.458547933599674974e-05 1.869255293249179502e-03
-1.489338683415734557e-05 -6.466832140263781921e-05 1.870239844343514262e-03
-1.474211602841163596e-05 -6.475300265372096065e-05 1.871224701343866771e-03
-1.459371671482414103e-05 -6.483950501977576140e-05 1.872209837235142438e-03
-1.444804537389252088e-05 -6.492772521296477780e-05 1.873195227961315431e-03
-1.430513863720700969e-05 -6.501749004200699114e-05 1.874180884003497820e-03
-1.416521176832342496e-05 -6.510856921164484676e-05 1.875166846848735826e-03
-1.402837017893297486e-05 -6.520069569519218163e-05 1.876153145412425352e-03
-1.389433472963723833e-05 -6.529359654367598831e-05 1.877139756935586584e-03
-1.376293473052420197e-05 -6.538700795223968589e-05 1.878126674790353947e-03
-1.363408829136433727e-05 -6.548069303827027559e-05 1.879113903400645488e-03
-1.350110969061409507e-05 -6.560334786071807007e-05 1.880097212520541157e-03
-1.338883477001876957e-05 -6.567502539443664561e-05 1.881087308513568462e-03
-1.326124501411356531e-05 -6.574409696715213488e-05 1.882076452410166075e-03
-1.313525139929070323e-05 -6.582924963974817322e-05 1.883064780713467013e-03
-1.301688146069965506e-05 -6.591418368155625869e-05 1.884054108642221111e-03
-1.290139342131201010e-05 -6.599569586551329054e-05 1.885044065332401814e-03
-1.278832040435849476e-05 -6.607427443481081854e-05 1.886034538528151951e-03
-1.267723677448681115e-05 -6.615052045850509162e-05 1.887025419563319708e-03
-1.256775194657817298e-05 -6.622511970991093986e-05 1.888016604263989496e-03
-1.245959884390876580e-05 -6.629879242903762514e-05 1.889008004678731541e-03
-1.235216821834690890e-05 -6.637233524664905250e-05 1.889999493489305689e-03
-1.224490958209259816e-05 -6.644653998782730064e-05 1.890990951540885744e-03
-1.213739504035837185e-05 -6.652215095179216076e-05 1.891982275404228454e-03
-1.202933002335461492e-05 -6.659981823325644950e-05 1.892973380129053286e-03
-1.192034786137987639e-05 -6.668012012343103715e-05 1.893964174030550538e-03
-1.181009274517050525e-05 -6.676353675157403885e-05 1.894954569295060004e-03
-1.171999374090845572e-05 -6.685837760158960656e-05 1.895945856202839973e-03
-1.160409296722632890e-05 -6.693124764778908933e-05 1.896936004660489117e-03
-1.148680657927035017e-05 -6.701147778747204760e-05 1.897925726818656435e-03
-1.137672476542837316e-05 -6.710002837475667766e-05 1.898915696734973903e-03
-1.125732363262337978e-05 -6.718743773580953312e-05 1.899904665823226200e-03
-1.114468738978903754e-05 -6.726521951791736688e-05 1.900895205009571270e-03
-1.104397500938685427e-05 -6.734980632556081303e-05 1.901886480383929452e-03
-1.093684682807247307e-05 -6.743441726952031966e-05 1.902877092679195999e-03
-1.082500163915956261e-05 -6.751588716537647403e-05 1.903867472823518462e-03
-1.071248954985447289e-05 -6.759620376622852138e-05 1.904857871698404249e-03
-1.059923317325111313e-05 -6.767566918107950484e-05 1.905848254448402586e-03
-1.048515176512355865e-05 -6.775459141396736177e-05 1.906838585966168492e-03
-1.037026146220781510e-05 -6.783335119634663433e-05 1.907828836934050143e-03
-1.025461973937148045e-05 -6.791231090722945544e-05 1.908818984507950484e-03
-1.013830564672089654e-05 -6.799179568677646995e-05 1.909809011288403965e-03
-1.002431312605635339e-05 -6.808126850553119158e-05 1.910798432396879380e-03
-9.887124205183302366e-06 -6.815631915765855617e-05 1.911785916280907098e-03
-9.753934789335728920e-06 -6.823390005082085609e-05 1.912773888873939071e-03
-9.623617162970428561e-06 -6.831715787715109372e-05 1.913761855856286817e-03
-9.488321942251850465e-06 -6.840162071983757442e-05 1.914749051857517073e-03
-9.348888636910559824e-06 -6.848734593671969642e-05 1.915735563873825244e-03
-9.206492680922029656e-06 -6.857440898983644816e-05 1.916721536276806085e-03
-9.060309562194289934e-06 -6.866262085803718281e-05 1.917706850894016412e-03
-8.897547141646186772e-06 -6.875053835127332741e-05 1.918689539025994527e-03
-8.745813549561526196e-06 -6.883279733187029495e-05 1.919674455858193110e-03
-8.599094465942894318e-06 -6.891911513886759232e-05 1.920659850501395130e-03
-8.451070773565033691e-06 -6.900733447429377334e-05 1.921644891640571836e-03
-8.303506631986808854e-06 -6.909435750377567386e-05 1.922630108044517819e-03
-8.157245046345260522e-06 -6.918004081940079563e-05 1.923615635833552523e-03
-8.013111851629383056e-06 -6.926431790161171177e-05 1.924601597985491162e-03
-7.858030309078168989e-06 -6.935921818079717090e-05 1.925584875459177957e-03
-7.708415363487634858e-06 -6.945170566916994491e-05 1.926569251785265969e-03
-7.559289165189688122e-06 -6.953638223671689401e-05 1.927554429633029183e-03
-7.404346605490127950e-06 -6.962010928615786944e-05 1.928538794515607859e-03
-7.244303823181380494e-06 -6.970542483307102274e-05 1.929522208096997237e-03
-7.080306882078640208e-06 -6.979223849255827448e-05 1.930504839803360087e-03
-6.913506543377548504e-06 -6.988037486417591647e-05 1.931486882559034588e-03
-6.744804276574941446e-06 -6.996953307585611532e-05 1.932468508539771828e-03
-6.575506069201738549e-06 -7.005947292416555541e-05 1.933449960945339422e-03
-6.407102507589406097e-06 -7.014997591161583744e-05 1.934431515329547826e-03
-6.239883468425488288e-06 -7.024061883323039180e-05 1.935413259379694349e-03
-6.076299951625345885e-06 -7.033129499187606125e-05 1.936395610288958952e-03
-5.897615471186170200e-06 -7.041877078121767616e-05 1.937375553553582173e-03
-5.743731681542595540e-06 -7.050775272813318225e-05 1.938359379485539305e-03
-5.596653744057381453e-06 -7.059634448013704221e-05 1.939344513725040769e-03
-5.426457256463271547e-06 -7.069796121767974221e-05 1.940324531143088060e-03
-5.265660470180166668e-06 -7.078121952236766262e-05 1.941307773774627026e-03
-5.112363907184237294e-06 -7.086241365357874339e-05 1.942292592298428162e-03
-4.955034349316312570e-06 -7.094786824189847237e-05 1.943276431058579964e-03
-4.792575587858233401e-06 -7.103313970958429694e-05 1.944259452046859411e-03
-4.625185033444706288e-06 -7.111793110859886363e-05 1.945241686996142163e-03
-4.453150187106063585e-06 -7.120191006323548942e-05 1.946223189329999775e-03
-4.277244613593481518e-06 -7.128484406662221023e-05 1.947204095100338317e-03
-4.098213757090696719e-06 -7.136647275736184351e-05 1.948184545214007996e-03
-3.916722915081069869e-06 -7.144650998571112520e-05 1.949164674500789831e-03
-3.736571237990086748e-06 -7.152862257849729752e-05 1.950144877556151020e-03
-3.570436988364240334e-06 -7.162482606633803158e-05 1.951126199908117262e-03
-3.384850439824115924e-06 -7.170419870105517888e-05 1.952105355983506547e-03
-3.198028197235676146e-06 -7.177722351301915604e-05 1.953085005924426985e-03
-3.016955676765128483e-06 -7.185168142639279752e-05 1.954065652604117936e-03
-2.801505506550977198e-06 -7.194885870738206620e-05 1.955036905133503145e-03
-2.613229603529737102e-06 -7.202082502052310862e-05 1.956015666099280518e-03
-2.453684317595604004e-06 -7.209554651491939948e-05 1.956999927292266475e-03
-2.281202668018039058e-06 -7.217938470841901244e-05 1.957981295250964000e-03
-2.100336651183355211e-06 -7.226591185784667689e-05 1.958960988099699325e-03
-1.918636198006882096e-06 -7.235526819028644701e-05 1.959940272907411372e-03
-1.736071557981326888e-06 -7.244670760073000778e-05 1.960919205016579438e-03
-1.552468801447880711e-06 -7.253933258748155341e-05 1.961897831704673221e-03
-1.367533818065557488e-06 -7.263212132189487773e-05 1.962876191987890546e-03
-1.181086528894412002e-06 -7.272407211979013762e-05 1.963854344158977045e-03
-9.930755510492833453e-07 -7.281425768708081842e-05 1.964832361041097750e-03
-8.034156963218617019e-07 -7.290177535152626810e-05 1.965810301405581176e-03
-6.120152207248388844e-07 -7.298578492221788675e-05 1.966788209680554733e-03
-4.187709900985729580e-07 -7.306551532466055402e-05 1.967766112882810437e-03
-2.238466567917544146e-07 -7.314048436030930135e-05 1.968744058986270432e-03
-2.099145701670581501e-08 -7.325817476283297128e-05 1.969715707469591511e-03
1.550108285995821406e-07 -7.333277074184202100e-05 1.970696165620252835e-03
3.371148871361374896e-07 -7.339952631311599362e-05 1.971677002484714062e-03
5.244715593694549941e-07 -7.347901314598170484e-05 1.972656066872132113e-03
7.229176288919069420e-07 -7.355790330032511049e-05 1.973632960752787126e-03
9.201758674907727039e-07 -7.365501277056443047e-05 1.974608397037362281e-03
1.083811050733991913e-06 -7.375434976922608666e-05 1.975589675115399600e-03
1.263088573369091829e-06 -7.385621007307582961e-05 1.976567981537120933e-03
1.447123774655856059e-06 -7.395279133541992071e-05 1.977546115428560538e-03
1.628583879891323061e-06 -7.404593948890140186e-05 1.978525092019333201e-03
1.811807722869263133e-06 -7.413808073056192527e-05 1.979503834991501367e-03
1.997132221438562955e-06 -7.422783608061522863e-05 1.980482403371273004e-03
2.184815876717211828e-06 -7.431406180731346548e-05 1.981460838607064425e-03
2.375037675727140199e-06 -7.439580013846863325e-05 1.982439167876366357e-03
2.567873324961492316e-06 -7.447227999631752810e-05 1.983417409800627799e-03
2.768378277291417359e-06 -7.460778926317646119e-05 1.984386776631119533e-03
2.953976651544587670e-06 -7.467956474364310677e-05 1.985364634631639653e-03
3.143995220776793072e-06 -7.474069144029632798e-05 1.986344203816941753e-03
3.339579365304310321e-06 -7.482216438437802695e-05 1.987321495104298064e-03
3.534028388952098091e-06 -7.490999546938679652e-05 1.988298463200321737e-03
3.727051828287380093e-06 -7.500317809761507899e-05 1.989275219507443456e-03
3.918538716909366197e-06 -7.510057722740744255e-05 1.990251868041852546e-03
4.126229458463582306e-06 -7.519174218983143572e-05 1.991225715275838238e-03
4.336023534767567386e-06 -7.528203938244224197e-05 1.992199268949592685e-03
4.510298122295255785e-06 -7.538294270482314352e-05 1.993178480634135320e-03
4.679545737099892335e-06 -7.548263173711194289e-05 1.994158954337082665e-03
4.862316795342131914e-06 -7.557371181937212539e-05 1.995137858589476117e-03
5.047218277785406910e-06 -7.565756480966770187e-05 1.996117025801041368e-03
5.229344296037879968e-06 -7.573415201404375824e-05 1.997097306102695036e-03
5.408556981018423701e-06 -7.580264497387537756e-05 1.998078720244902701e-03
5.591384204411196625e-06 -7.591167844657898539e-05 1.999055297616313554e-03
5.760556907386701898e-06 -7.595362627231891242e-05 2.000037776230712602e-03
5.945137527423637089e-06 -7.595927449946914402e-05 2.001020385281286965e-03
6.127042288693072890e-06 -7.598165981024013909e-05 2.002003343897555861e-03
6.300783371117284222e-06 -7.600472974039122840e-05 2.002987856967630449e-03
6.475043640626577124e-06 -7.602042796602235554e-05 2.003972425766385387e-03
6.649834205350566333e-06 -7.603024435166562617e-05 2.004956979029465149e-03
6.824995793676469491e-06 -7.603580186980193564e-05 2.005941501415421137e-03
7.000452030344578072e-06 -7.603885329446691071e-05 2.006925983505316365e-03
7.176270779925973239e-06 -7.604125168848704052e-05 2.007910403116612043e-03
7.352433251555317899e-06 -7.604482729621411113e-05 2.008894757242268674e-03
7.535695988157043262e-06 -7.604582000218633193e-05 2.009877796756512520e-03
7.724410306172546553e-06 -7.604689788671296165e-05 2.010859825283022300e-03
7.894214096176362471e-06 -7.606275224405048866e-05 2.011844952568042286e-03
8.043148716062118242e-06 -7.609334672978556712e-05 2.012833306779359191e-03
8.209213278164396595e-06 -7.613978813218668057e-05 2.013818053202271266e-03
8.378480202600295941e-06 -7.613325531497445499e-05 2.014801697600299233e-03
8.537425250571096399e-06 -7.611569333260873157e-05 2.015787892422080899e-03
8.697444433547609844e-06 -7.613504671143776618e-05 2.016774806902688153e-03
8.854211833234613632e-06 -7.614693206612367638e-05 2.017762363581591684e-03
9.007981317897139048e-06 -7.615253564559589720e-05 2.018750449296558870e-03
9.159095151656612309e-06 -7.615333226137882517e-05 2.019738962543139900e-03
9.308084481412650532e-06 -7.615112260045136681e-05 2.020727797893640855e-03
9.455484576311805843e-06 -7.614784466651616204e-05 2.021716869170540019e-03
9.601752409121340611e-06 -7.614542427904887544e-05 2.022706110732539440e-03
9.747275752155833698e-06 -7.614568324886418060e-05 2.023695463927208116e-03
9.900767532935046125e-06 -7.613643044952055495e-05 2.024683481810055172e-03
1.005482362764512921e-05 -7.613296356951867181e-05 2.025671400438279045e-03
1.021184030275053650e-05 -7.613000982490476971e-05 2.026658864413186188e-03
1.037132073938901012e-05 -7.613288170194140638e-05 2.027645891562869767e-03
1.053312468210785648e-05 -7.614901806153155119e-05 2.028632550788364401e-03
1.067417144224706656e-05 -7.614149061096332869e-05 2.029621974103175408e-03
1.080248691471582678e-05 -7.613998824150368253e-05 2.030613357778103274e-03
1.094843227790047072e-05 -7.615160430096478772e-05 2.031602523240144762e-03
1.109816259753610034e-05 -7.615101917267941820e-05 2.032591240966325277e-03
1.124402366319173122e-05 -7.614385223616402403e-05 2.033580514009591944e-03
1.138644465643358531e-05 -7.613162817979073017e-05 2.034570241017800638e-03
1.152590583279239512e-05 -7.611594613727673238e-05 2.035560342521131310e-03
1.166294540651294741e-05 -7.609841831687318137e-05 2.036550752262048045e-03
1.179824074622386421e-05 -7.608089644830151252e-05 2.037541402266632683e-03
1.193252810106476231e-05 -7.606528235433655089e-05 2.038532220684949933e-03
1.206650668521141435e-05 -7.605324489767363116e-05 2.039523129448547918e-03
1.220082540553376954e-05 -7.604607950019819638e-05 2.040514038080417075e-03
1.233615217387207525e-05 -7.604503211602816086e-05 2.041504832524079598e-03
1.247312133861575755e-05 -7.605122469163910868e-05 2.042495380692995865e-03
1.258763398218957636e-05 -7.605842329104832661e-05 2.043488529146715148e-03
1.269599877647934937e-05 -7.605884002340627188e-05 2.044482541639616215e-03
1.281825082778790516e-05 -7.606792554434357444e-05 2.045474931042847670e-03
1.293601140915568687e-05 -7.608690369829217257e-05 2.046467776930760776e-03
1.304389043257967354e-05 -7.610459701864379306e-05 2.047461772865042783e-03
1.313625038325038042e-05 -7.612686342082909219e-05 2.048457186441552356e-03
1.321708259892943637e-05 -7.615495106716510261e-05 2.049453514853687586e-03
1.330301949905303702e-05 -7.616481291476897176e-05 2.050449603765709932e-03
1.338877361385198759e-05 -7.617300247525775510e-05 2.051445814105347636e-03
1.347137509646489210e-05 -7.619083438049331419e-05 2.052442236987653268e-03
1.355711792375930837e-05 -7.620877514863202170e-05 2.053438390454780799e-03
1.364892944204754032e-05 -7.622689377012156395e-05 2.054433995869951214e-03
1.374942797232663650e-05 -7.624535331412428093e-05 2.055428750789883158e-03
1.386081736515429861e-05 -7.626409914511387200e-05 2.056422334723760886e-03
1.398481077825816744e-05 -7.628281757459393487e-05 2.057414420628010752e-03
1.402431577985852833e-05 -7.630496396684718831e-05 2.058411039287926653e-03
1.410040151679669264e-05 -7.633380282613471627e-05 2.059405482937117643e-03
1.421632657425702939e-05 -7.636055282966550302e-05 2.060398345905239525e-03
1.431073866697143278e-05 -7.638671569877865364e-05 2.061393463893749708e-03
1.438222075806579777e-05 -7.641538042248358694e-05 2.062390439043367083e-03
1.443422520099037776e-05 -7.644589816380486299e-05 2.063388582484911634e-03
1.447115665028449943e-05 -7.647743188789260245e-05 2.064387382674326248e-03
1.449816916205777707e-05 -7.650889336218278010e-05 2.065386515338325183e-03
1.452099489009233873e-05 -7.653871571578320723e-05 2.066385808812008264e-03
1.454544275535635172e-05 -7.656590609050028791e-05 2.067385138027077757e-03
1.457726868513882614e-05 -7.658949362563790479e-05 2.068384342917571443e-03
1.462196017866098566e-05 -7.660838731031684352e-05 2.069383141358023970e-03
1.468452207666169939e-05 -7.662130571894738775e-05 2.070381057720343740e-03
1.476906520561297198e-05 -7.662740565662018932e-05 2.071377401601526020e-03
1.487858382586396114e-05 -7.662628162312544911e-05 2.072371315619412051e-03
1.488694991130196728e-05 -7.668255728109973424e-05 2.073366988132761043e-03
1.501972492076424832e-05 -7.670974316016147495e-05 2.074351716858219806e-03
1.518444590496392213e-05 -7.671848584989416329e-05 2.075337742211271191e-03
1.533076350579957951e-05 -7.673832585323909518e-05 2.076326754244844832e-03
1.547284900829785258e-05 -7.677132060110736244e-05 2.077316038413162466e-03
1.561145692135626402e-05 -7.681497371683722233e-05 2.078305410219519287e-03
1.574755698448065608e-05 -7.686606076452359975e-05 2.079294781891502693e-03
1.588209699578604505e-05 -7.692155539100204581e-05 2.080284133266257791e-03
1.601606835019458086e-05 -7.697840477236893677e-05 2.081273486495528562e-03
1.615052879862329709e-05 -7.703324523448647817e-05 2.082262884688792798e-03
1.628656792799564347e-05 -7.708252417966087702e-05 2.083252353280285515e-03
1.642525262943984822e-05 -7.712277919646327699e-05 2.084241854416579720e-03
1.656751741002631184e-05 -7.715099810594616442e-05 2.085231254588789610e-03
1.671452421164893191e-05 -7.716426776365462774e-05 2.086220262045803200e-03
1.686818012823834961e-05 -7.715946489659779198e-05 2.087208319448508997e-03
1.698668936923672306e-05 -7.718349483243778435e-05 2.088197350611335074e-03
1.710036495016035510e-05 -7.725134978594358688e-05 2.089177665878531789e-03
1.738306630234797003e-05 -7.721216708263962654e-05 2.090134238186983594e-03
1.756882875555385330e-05 -7.719181631531323799e-05 2.091116589974795648e-03
1.776489521567889781e-05 -7.718588478028498101e-05 2.092097139672158615e-03
1.796981118087821963e-05 -7.719208160441105632e-05 2.093075884202091549e-03
1.818177282229611850e-05 -7.720824887707974883e-05 2.094053020498788664e-03
1.839877620206677901e-05 -7.723150536552235825e-05 2.095028911681175079e-03
1.861866627152328454e-05 -7.725855905442535027e-05 2.096004061011948368e-03
1.883919570930567850e-05 -7.728575192632685634e-05 2.096979061501803767e-03
1.905807808621182264e-05 -7.730965648300761831e-05 2.097954516672263965e-03
1.927515701164895655e-05 -7.733099895468117523e-05 2.098930404316020921e-03
1.949690576058146798e-05 -7.736676081965034046e-05 2.099904673239270415e-03
1.968109480955463001e-05 -7.736512191045937718e-05 2.100887547887165824e-03
1.987306110159188605e-05 -7.734830302681546487e-05 2.101868791488456165e-03
2.005402038304421905e-05 -7.733046174753241484e-05 2.102851434884715678e-03
2.025611619944110841e-05 -7.741894101301933400e-05 2.103823327404595513e-03
2.064053824909757749e-05 -7.725699890190814985e-05 2.104731217606518618e-03
2.085627785698852455e-05 -7.720742188760019390e-05 2.105706380322888791e-03
2.111103604933923901e-05 -7.715429208161433397e-05 2.106671901158267864e-03
2.140061770988144313e-05 -7.709745993330180912e-05 2.107627349664119212e-03
2.171949521611935262e-05 -7.703667034618338720e-05 2.108573185326535239e-03
2.206116484715846363e-05 -7.697149121624049996e-05 2.109510739169092892e-03
2.241853046133939596e-05 -7.690161694176284154e-05 2.110442085600990406e-03
2.278426196553766909e-05 -7.682725618003650916e-05 2.111369830658445332e-03
2.315076172856600647e-05 -7.674828429272319698e-05 2.112296891263106338e-03
2.351040780068492414e-05 -7.666470607724540115e-05 2.113226229145870848e-03
2.385568422567760263e-05 -7.657604763652054879e-05 2.114160531208361931e-03
2.417973739341848207e-05 -7.648306482777954393e-05 2.115101984590926892e-03
2.447617997257462138e-05 -7.638610781195651620e-05 2.116052092675871094e-03
2.473954688819006984e-05 -7.628567472457324292e-05 2.117011536335216930e-03
2.504173072544318019e-05 -7.630500552486457809e-05 2.117964497679881639e-03
2.537531684085742780e-05 -7.605298461051441410e-05 2.118871616590837451e-03
2.560917961183581252e-05 -7.592515213269759584e-05 2.119834649027694563e-03
2.584955398516303020e-05 -7.579519009088086351e-05 2.120796584180621291e-03
2.609863944047342726e-05 -7.565777358888991101e-05 2.121755263854006694e-03
2.638531499397092178e-05 -7.546129215839283023e-05 2.122692762852791595e-03
2.666144475126741808e-05 -7.527488899535213012e-05 2.123635619222739076e-03
2.694924070014014338e-05 -7.513616625487298058e-05 2.124583095414414851e-03
2.723027881519108376e-05 -7.498757698094460865e-05 2.125531203093553208e-03
2.748998462229308582e-05 -7.481369295846756139e-05 2.126481033443551692e-03
2.774132705476220676e-05 -7.463617448003532736e-05 2.127432510668629193e-03
2.798266062118366635e-05 -7.446099079718105024e-05 2.128387000336596450e-03
2.820997784423781275e-05 -7.429095161775580922e-05 2.129345840003028876e-03
2.841969657186374442e-05 -7.412844210133200313e-05 2.130309967112158521e-03
2.860896683864080266e-05 -7.397557603335007035e-05 2.131279870718314970e-03
2.888506238918300449e-05 -7.386328775932189867e-05 2.132232969733826623e-03
2.906765667924636508e-05 -7.361128837275937099e-05 2.133177241404368273e-03
2.921118693703927553e-05 -7.342935496639395657e-05 2.134147322749920840e-03
2.937251802785538623e-05 -7.326877102932246417e-05 2.135120912547852721e-03
2.954805214151605904e-05 -7.308950886526553541e-05 2.136088890960546188e-03
2.972886806199388914e-05 -7.290125749484566208e-05 2.137054217097157736e-03
2.993093696045231585e-05 -7.269815090859792889e-05 2.138012157532460933e-03
3.012763566857546696e-05 -7.249721302712098863e-05 2.138971746759876953e-03
3.032456674099097286e-05 -7.227252499393453059e-05 2.139925870703445095e-03
3.051215179775552651e-05 -7.202534203928264160e-05 2.140876445858132422e-03
3.066921492810484843e-05 -7.181994012512494976e-05 2.141841658843024639e-03
3.083601414052538752e-05 -7.163033622507636224e-05 2.142809091202670709e-03
3.100717175993602978e-05 -7.143669746514511238e-05 2.143775103525088349e-03
3.116673924282593584e-05 -7.124513778426804422e-05 2.144743508014497393e-03
3.131405542386336664e-05 -7.105844309234360119e-05 2.145714794572186647e-03
3.152599809661794873e-05 -7.088818958949791250e-05 2.146675671522982852e-03
3.161877641746886565e-05 -7.065539157155695162e-05 2.147634503788161623e-03
3.168164971634622511e-05 -7.041994556478222594e-05 2.148602383045455921e-03
3.181075019101240126e-05 -7.022931393545942360e-05 2.149575194779677987e-03
3.192266789959559192e-05 -7.003323194089530789e-05 2.150548809313243982e-03
3.199962350741981075e-05 -6.983089013685901149e-05 2.151525031202518486e-03
3.207490661314720448e-05 -6.962515296699089246e-05 2.152500680268887561e-03
3.215431697859172806e-05 -6.941339836243553500e-05 2.153474768846036589e-03
3.223237354718154181e-05 -6.920668371567939711e-05 2.154450046058592298e-03
3.232849795552877984e-05 -6.899607660240416305e-05 2.155422649610925535e-03
3.243300893196118128e-05 -6.879051243215126058e-05 2.156395487719216329e-03
3.252521882743786405e-05 -6.859820407260115314e-05 2.157372471230309396e-03
3.261879767623876734e-05 -6.838490269746643282e-05 2.158344728093052403e-03
3.272077214108597875e-05 -6.817489906104833507e-05 2.159316361172829591e-03
3.282786336161157552e-05 -6.803177805021609203e-05 2.160299656476979187e-03
3.295087254034505139e-05 -6.791710981870327838e-05 2.161284266669777701e-03
3.305940147182627275e-05 -6.777073933802364746e-05 2.162262233618171981e-03
3.307446667020594620e-05 -6.760811841158817276e-05 2.163246834429948928e-03
3.316897839265923299e-05 -6.747145824800920507e-05 2.164232902815029641e-03
3.324803815270936923e-05 -6.733869792577614345e-05 2.165220867058671207e-03
3.331326015469894883e-05 -6.720984715405511683e-05 2.166210365250888573e-03
3.336693816908371194e-05 -6.708493887909325543e-05 2.167201068158960790e-03
3.341157223625546691e-05 -6.696387944946450828e-05 2.168192702538028829e-03
3.344989788082739835e-05 -6.684651253486622268e-05 2.169185048158521565e-03
3.348478082264271514e-05 -6.673262211153239813e-05 2.170177927667520622e-03
3.351926440126358752e-05 -6.662192714817011187e-05 2.171171182504233032e-03
3.356219615274531350e-05 -6.650915013222302892e-05 2.172163760680099164e-03
3.362864011002363837e-05 -6.638571276421649959e-05 2.173153860067859964e-03
3.369079324546324334e-05 -6.627024530312643159e-05 2.174145116529973328e-03
3.373592387491848441e-05 -6.613365787258428813e-05 2.175134702935776435e-03
3.381164448727391107e-05 -6.600496045886027150e-05 2.176122405793955682e-03
3.393565062804885287e-05 -6.590632803577961302e-05 2.177106854840455633e-03
3.393406696266028111e-05 -6.577574756499223602e-05 2.178096975681002162e-03
3.402541760003214389e-05 -6.569802359264202067e-05 2.179089597191655875e-03
3.411327898539866314e-05 -6.564998314341657958e-05 2.180084502293768746e-03
3.420172035590203768e-05 -6.557637287441077454e-05 2.181077847793015494e-03
3.429153831573264835e-05 -6.549728962657303639e-05 2.182070638232827629e-03
3.437828060724488024e-05 -6.543340740156397680e-05 2.183064802497478377e-03
3.446238969131996049e-05 -6.538161131443177702e-05 2.184059903068500536e-03
3.454441894045410502e-05 -6.533816668001696021e-05 2.185055582218132630e-03
3.462492263745895903e-05 -6.529919827213697574e-05 2.186051574060887421e-03
3.470446620989256188e-05 -6.526084812406660475e-05 2.187047667079781293e-03
3.478361142163936755e-05 -6.521941364829409804e-05 2.188043665209347000e-03
3.486291958734532388e-05 -6.517118574408141461e-05 2.189039339037277682e-03
3.494846963608794449e-05 -6.510611940269391885e-05 2.190033398389523711e-03
3.505889579248326350e-05 -6.503069805855963821e-05 2.191024144793766136e-03
3.514831620638043209e-05 -6.496295921876323563e-05 2.192015756056812925e-03
3.518191293769875987e-05 -6.486804611363794916e-05 2.193009931150863984e-03
3.526334601829505530e-05 -6.475675184566913854e-05 2.194000362094637030e-03
3.534232753883364913e-05 -6.463459738159173555e-05 2.194989710680234334e-03
3.542104075435238561e-05 -6.450777406461143755e-05 2.195978502593750378e-03
3.551091528052074432e-05 -6.440551170736910863e-05 2.196968747980125852e-03
3.560833105065743632e-05 -6.431238964904896472e-05 2.197958984454260589e-03
3.568645541442937695e-05 -6.417217171108379598e-05 2.198945989007076215e-03
3.574312920597081240e-05 -6.402113144449327249e-05 2.199932717413042964e-03
3.579906137995150323e-05 -6.387250956775339101e-05 2.200919518056201635e-03
3.589143720911937800e-05 -6.374500205502846360e-05 2.201907043575746653e-03
3.598574943581081542e-05 -6.361996233219339970e-05 2.202894700989327294e-03
3.608266638048671841e-05 -6.349787287967735723e-05 2.203882474587910093e-03
3.618277779214903984e-05 -6.337933397492848662e-05 2.204870360972541188e-03
3.629358602175928298e-05 -6.326837695887918230e-05 2.205857907229061277e-03
3.638571875010557341e-05 -6.314862522317398667e-05 2.206845272873530443e-03
3.644515084906049124e-05 -6.301278546676038531e-05 2.207833678785144169e-03
3.653871647800792605e-05 -6.289737839896112237e-05 2.208822574144569603e-03
3.662550999781825076e-05 -6.278010849253485345e-05 2.209811869233155399e-03
3.670647017719102850e-05 -6.266125882249064976e-05 2.210801472001806649e-03
3.678281336012582058e-05 -6.254139176533875331e-05 2.211791320599541550e-03
3.685599925020719488e-05 -6.242136345647059928e-05 2.212781389222185334e-03
3.692764109530401450e-05 -6.230221175096139769e-05 2.213771676913887584e-03
3.699937586827205629e-05 -6.218474939661767706e-05 2.214762159374480954e-03
3.707282625267538948e-05 -6.206959442523503204e-05 2.215752785784340460e-03
3.714960659004929437e-05 -6.195760466789987386e-05 2.216743520665436732e-03
3.723121031052447830e-05 -6.184975915906784064e-05 2.217734326889160557e-03
3.731891905229872599e-05 -6.174687887513331591e-05 2.218725137891003688e-03
3.741372544000834638e-05 -6.164915367993538723e-05 2.219715815067044382e-03
3.751636604325781589e-05 -6.155697024599832221e-05 2.220706241338959910e-03
3.760689129287595579e-05 -6.145979790988183897e-05 2.221697043551969231e-03
3.768290096741404017e-05 -6.135645536342879461e-05 2.222688454811102415e-03
3.778432335087752303e-05 -6.126788228500160344e-05 2.223679327676905682e-03
3.787671814779292289e-05 -6.117555500603750291e-05 2.224670758528438184e-03
3.796765902069946613e-05 -6.108382370965305549e-05 2.225662378969804102e-03
3.805927588060751209e-05 -6.099381222961054532e-05 2.226654095448581550e-03
3.814786049955811619e-05 -6.090344590320754224e-05 2.227646055799753933e-03
3.823441402520405422e-05 -6.081299508654497643e-05 2.228638188186547742e-03
3.831995892993754124e-05 -6.072296047506984488e-05 2.229630446056749937e-03
3.840547626562198808e-05 -6.063393068839395349e-05 2.230622796761714145e-03
3.849190778320533756e-05 -6.054645180087073555e-05 2.231615205841569645e-03
3.858024915197547918e-05 -6.046081727615866888e-05 2.232607607019437054e-03
3.867133454889512724e-05 -6.037739462356794183e-05 2.233599947854879829e-03
3.876578992344820483e-05 -6.029653580582041371e-05 2.234592185277867356e-03
3.886401780391831879e-05 -6.021851282321537589e-05 2.235584283050475081e-03
3.895837866634792714e-05 -6.013931452758835606e-05 2.236576624120647627e-03
3.904904791097535627e-05 -6.005890009295097843e-05 2.237569200652259581e-03
3.915112257324998980e-05 -5.998500313103169131e-05 2.238561228835811868e-03
3.925275183629092687e-05 -5.991160049724379765e-05 2.239553339414487865e-03
3.935391929256829171e-05 -5.983868536838112635e-05 2.240545533181146406e-03
3.945483621680108362e-05 -5.976619164911294436e-05 2.241537783341722694e-03
3.955554338453086942e-05 -5.969411725196677030e-05 2.242530085361378513e-03
3.965596714677709208e-05 -5.962245005145417210e-05 2.243522445576769456e-03
3.975600342052582227e-05 -5.955115416813155498e-05 2.244514871691566556e-03
3.985578422188747189e-05 -5.948018530506510179e-05 2.245507346971185175e-03
