# first line: diameter, stdev on diameter, fiber length; other lines: x, y, z coordinates
1.899999999999999766e-05 6.360473221135654737e-07 9.829025356107782933e-04
5.884027230148518550e-05 1.951289934614380326e-05 9.279898566913642732e-07
5.875400115471953583e-05 1.975814532413334529e-05 1.893600927159368869e-06
5.868632866726417426e-05 2.000549381599190125e-05 2.859812972787634938e-06
5.862817596799380624e-05 2.025384890072234450e-05 3.826407812299731370e-06
5.854160039608545600e-05 2.049864376579408319e-05 4.792108771349123247e-06
5.845768500715261726e-05 2.074359702185202790e-05 5.758004453717581461e-06
5.837622476800803016e-05 2.098870296209462782e-05 6.724071762575535571e-06
5.829685742880916563e-05 2.123387041412411630e-05 7.690297882018398007e-06
5.821908264649708765e-05 2.147892985386077273e-05 8.656681117452050961e-06
5.814241215611526051e-05 2.172376708747275365e-05 9.623209001362060394e-06
5.806642329371557930e-05 2.196836695767633284e-05 1.058985088893361556e-05
5.799055576874189891e-05 2.221260957437056076e-05 1.155659263592755115e-05
5.791416017495842200e-05 2.245629962052871832e-05 1.252343208438169014e-05
5.783661488655099104e-05 2.269926810058024000e-05 1.349036147044830811e-05
5.775744920082778928e-05 2.294148358242063785e-05 1.445734823688144335e-05
5.767615358518169685e-05 2.318285383691679144e-05 1.542436932688113702e-05
5.759220011147045805e-05 2.342323017610487690e-05 1.639141046883571887e-05
5.750509768234965527e-05 2.366245056027807016e-05 1.735845938841780109e-05
5.741452619881438928e-05 2.390047024486601429e-05 1.832548573708903117e-05
5.732027364916382836e-05 2.413729171498838022e-05 1.929245425864043254e-05
5.722214182409198250e-05 2.437285861665078372e-05 2.025934314326023611e-05
5.713031666216384719e-05 2.460926393336990134e-05 2.122659657452117751e-05
5.704006822426466004e-05 2.484548377611699217e-05 2.219402605063876266e-05
5.693656051664983689e-05 2.507844853491883463e-05 2.316098698481065463e-05
5.683257420662505877e-05 2.531087899403253541e-05 2.412802514393901088e-05
5.672804625480056380e-05 2.554269870038549929e-05 2.509515145872331932e-05
5.662293542290997635e-05 2.577385405772048574e-05 2.606237364362242598e-05
5.651732201579446951e-05 2.600443002983818228e-05 2.702967938625691624e-05
5.641123692937241498e-05 2.623445762410462270e-05 2.799706407205677927e-05
5.630464814875713329e-05 2.646389451708648494e-05 2.896453364088173027e-05
5.619749456530907290e-05 2.669266188941004227e-05 2.993209934446178569e-05
5.608980557532266024e-05 2.692078759634008471e-05 3.089975714108987234e-05
5.598165180898415170e-05 2.714835080692042034e-05 3.186749554359453313e-05
5.587303140893793547e-05 2.737534503974351608e-05 3.283531530467792212e-05
5.576386398487072918e-05 2.760166509644773310e-05 3.380323133419203818e-05
5.565412945906903392e-05 2.782727889451162763e-05 3.477124817992480882e-05
5.554393704179242584e-05 2.805231603553784279e-05 3.573934723556096080e-05
5.543328799991197346e-05 2.827677390663139450e-05 3.670752868464898303e-05
5.532212706641249640e-05 2.850057620072735099e-05 3.767580320842124977e-05
5.521041169166437636e-05 2.872366097155386292e-05 3.864417952168701723e-05
5.509821059287550163e-05 2.894611018338394894e-05 3.961264589909209086e-05
5.498555973478973019e-05 2.916796591050783467e-05 4.058119619856047355e-05
5.487243337151672485e-05 2.938918898105289586e-05 4.154983575929650438e-05
5.475877010896372732e-05 2.960969019401909490e-05 4.251857702918969070e-05
5.464459024662153140e-05 2.982948943707364203e-05 4.348741711486829239e-05
5.452996747689775484e-05 3.004868093472435171e-05 4.445634258534031380e-05
5.441490305961537951e-05 3.026726205135779304e-05 4.542535359359318667e-05
5.429932014252980549e-05 3.048511910409510697e-05 4.639446587236927683e-05
5.418319362719154354e-05 3.070220929479111838e-05 4.736368531909999902e-05
5.406662880910972869e-05 3.091867429036158801e-05 4.833299198124399801e-05
5.394962918165935670e-05 3.113451458586346675e-05 4.930238555965384822e-05
5.383214683078796830e-05 3.134965500697887313e-05 5.027187628377357761e-05
5.371413821434024925e-05 3.156402457199864928e-05 5.124147386009183722e-05
5.359566117796498238e-05 3.177770060063284406e-05 5.221116741992680443e-05
5.347675616172789255e-05 3.199073756115468554e-05 5.318094920122489258e-05
5.335740338117234111e-05 3.220310060209789023e-05 5.415082376453031823e-05
5.323754139921472425e-05 3.241468933473421696e-05 5.512080472217656402e-05
5.311718194958969916e-05 3.262551373485872419e-05 5.609089055619081651e-05
5.299738039347307603e-05 3.283520215844233658e-05 5.706129080414222912e-05
5.287755456091287236e-05 3.304403944174587364e-05 5.803187162655831094e-05
5.275676204591093962e-05 3.325236744166868450e-05 5.900244236937577866e-05
5.263601790331485310e-05 3.345960640675551141e-05 5.997325254863310542e-05
5.251453766393309575e-05 3.366628994800378394e-05 6.094408943491331013e-05
5.239309508829032800e-05 3.387208741409511074e-05 6.191511925235154354e-05
5.227160798819795585e-05 3.407694645541186327e-05 6.288634187842862336e-05
5.214998024479445204e-05 3.428081106322204680e-05 6.385775614269756373e-05
5.202819851134125303e-05 3.448378064219511399e-05 6.482933855760965314e-05
5.190392551310445617e-05 3.469187132751628660e-05 6.579949448573974707e-05
5.177845226167711497e-05 3.490156835399333459e-05 6.676914953404090858e-05
5.165504550993102803e-05 3.510409239458797388e-05 6.774061953307777828e-05
5.153034156056867700e-05 3.530788228386297215e-05 6.871165903754019796e-05
5.140438557705053060e-05 3.551299304263312438e-05 6.968225877093756765e-05
5.127716846592436065e-05 3.571929205552104472e-05 7.065244215710133821e-05
5.114864386452295565e-05 3.592648566425887141e-05 7.162226257994511874e-05
5.101881876021241853e-05 3.613428613970901020e-05 7.259177995831396848e-05
5.088783062299347771e-05 3.634256089336883148e-05 7.356103915731344173e-05
5.075577318902630412e-05 3.655103310269953271e-05 7.453011083336479048e-05
5.063945282467542853e-05 3.675417719020349631e-05 7.550211591319123255e-05
5.052924499678813279e-05 3.695453531882657836e-05 7.647542951493002672e-05
5.040010448346996343e-05 3.715955622424723151e-05 7.744562516429813817e-05
5.027631317853278057e-05 3.736159219757442920e-05 7.841714330032376057e-05
5.015769139209333812e-05 3.756037828540020304e-05 7.938997607181020461e-05
5.004971075659329157e-05 3.775434118222761642e-05 8.036497528464371307e-05
4.995041803784455584e-05 3.794370009587195330e-05 8.134184742984804789e-05
4.984367339761961829e-05 3.813919366121156049e-05 8.231667024131842161e-05
4.972211803713561044e-05 3.835735123036849834e-05 8.328481091628321675e-05
4.960430071068747885e-05 3.857194711899987325e-05 8.425390313024361255e-05
4.950387899970968593e-05 3.876155115418606907e-05 8.523060441097086645e-05
4.939851762954480829e-05 3.895873066041922799e-05 8.620528249705461735e-05
4.928752326312910615e-05 3.916322183135392235e-05 8.717782632332001305e-05
4.917031009616529698e-05 3.937443473430594692e-05 8.814820203918325922e-05
4.904644116917740676e-05 3.959152274009390145e-05 8.911645292597816792e-05
4.891573105180586461e-05 3.981360110055077686e-05 9.008267165293553508e-05
4.877820499178473618e-05 4.003968680439692440e-05 9.104701447838368586e-05
4.863401233410411114e-05 4.026855398842680943e-05 9.200972744804114187e-05
4.848341274722653009e-05 4.049874877701036354e-05 9.297114317430993369e-05
4.834151045841121418e-05 4.074020278906443027e-05 9.393094258932288207e-05
4.819870526473992085e-05 4.098505578396877466e-05 9.488966456760008009e-05
4.803574981253552360e-05 4.121583705866103015e-05 9.584892633120395758e-05
4.787512737741880505e-05 4.144608356670895493e-05 9.680871081996613239e-05
4.771620930127058507e-05 4.167489191441894317e-05 9.776912184166061323e-05
4.755965881677071296e-05 4.190094828024782531e-05 9.873057140134247275e-05
4.740603205986058477e-05 4.212294092485270228e-05 9.969343650058012929e-05
4.725661271396743599e-05 4.233951427625626029e-05 1.006581911333448258e-04
4.710743181821589750e-05 4.256641050843322770e-05 1.016204646236604746e-04
4.694844759359490373e-05 4.280247159858638931e-05 1.025790150756202175e-04
4.679382037520910095e-05 4.300973143927769749e-05 1.035446942928490259e-04
4.665417236748617392e-05 4.319980403074273243e-05 1.045164567997046434e-04
4.650958468758607166e-05 4.339564726148437352e-05 1.054863726999751700e-04
4.636335828591837260e-05 4.358833252280047655e-05 1.064566751744111701e-04
4.621576283913455640e-05 4.377740376707753669e-05 1.074274807177414380e-04
4.606703642272849214e-05 4.396230339278958682e-05 1.083989164575387652e-04
4.591741600364623860e-05 4.414247273607334863e-05 1.093711027542018828e-04
4.576715204932010596e-05 4.431742104241432885e-05 1.103441426915027779e-04
4.561658497653921202e-05 4.448695847408148902e-05 1.113180931362292049e-04
4.547371242239930917e-05 4.465908608965421154e-05 1.122926623823945411e-04
4.532368249929255458e-05 4.483739401389912857e-05 1.132646716910175495e-04
4.514623086209139759e-05 4.500267575086218191e-05 1.142346429630312910e-04
4.499254003301273916e-05 4.516008984652533539e-05 1.152101425267847840e-04
4.483745656859096276e-05 4.531763919065483236e-05 1.161853999370621865e-04
4.468135386458853883e-05 4.547537270819803176e-05 1.171604650335809211e-04
4.452458178427411991e-05 4.563321574106178326e-05 1.181354050519547658e-04
4.436523378271071906e-05 4.579221577634540451e-05 1.191097313819138546e-04
4.420708929270309953e-05 4.594649786739400969e-05 1.200849032920009961e-04
4.407127111971197283e-05 4.607182230467382270e-05 1.210674251838962136e-04
4.394621069956238695e-05 4.618144768785102796e-05 1.220532238181636607e-04
4.380330618167003169e-05 4.631787664676848015e-05 1.230334949662899996e-04
4.366323084705690918e-05 4.644494982411445882e-05 1.240154372531853712e-04
4.352157363544262590e-05 4.656434843285173420e-05 1.249980947018829169e-04
4.339200140695223274e-05 4.667392024897627686e-05 1.259835773642888415e-04
4.326922432767361281e-05 4.677569165386167156e-05 1.269707744471627701e-04
4.314901401718384687e-05 4.687144882970971182e-05 1.279588911246459272e-04
4.303053852456988749e-05 4.696285002823675180e-05 1.289476312162935595e-04
4.291279411298948272e-05 4.705139139236768763e-05 1.299367197216769881e-04
4.280747032086084850e-05 4.713916896217812841e-05 1.309270683783076566e-04
4.271297814968323989e-05 4.722018706449774737e-05 1.319185533591085008e-04
4.256860842116132854e-05 4.728670169238089773e-05 1.329056708751566451e-04
4.244669757216623592e-05 4.737221140532032581e-05 1.338945210895433301e-04
4.232227872755702506e-05 4.745877066172354288e-05 1.348829665440793787e-04
4.219432320742278993e-05 4.754773316977282862e-05 1.358707454374645344e-04
4.206191898759531418e-05 4.764044368241307964e-05 1.368575908588937073e-04
4.192434775108399891e-05 4.773836191423563006e-05 1.378432236827918135e-04
4.178098054852648563e-05 4.784256967322190524e-05 1.388273824961018532e-04
4.164652065242996332e-05 4.794045169986343801e-05 1.398130611181391120e-04
4.153902767588089098e-05 4.801618275453095266e-05 1.408042832895047176e-04
4.141027040025236494e-05 4.811284821895177170e-05 1.417911478670489528e-04
4.126838601574389068e-05 4.822391971847955256e-05 1.427747779816014757e-04
4.113045530893916598e-05 4.833422022056198237e-05 1.437590575079864680e-04
4.099527002356458019e-05 4.844418433474969319e-05 1.447437567991074515e-04
4.084953244696146131e-05 4.855499898160311090e-05 1.457267004463117313e-04
4.068825531394427628e-05 4.866753530779344687e-05 1.467070281089563957e-04
4.055138522733528624e-05 4.878033126213088228e-05 1.476911724763653629e-04
4.041073188059658781e-05 4.889489785661223616e-05 1.486745781561029690e-04
4.027375661513169115e-05 4.901220816587084351e-05 1.496581270888815152e-04
4.013666481079281164e-05 4.912556823574465323e-05 1.506418210799323129e-04
3.996831492620677681e-05 4.922812462820000954e-05 1.516221112298570504e-04
3.981095753699478323e-05 4.934627729210415951e-05 1.526025575161837726e-04
3.964958443147340988e-05 4.946363458700886716e-05 1.535824465969184982e-04
3.948435380771940620e-05 4.958042475346374122e-05 1.545617605920946228e-04
3.931549680044450442e-05 4.969676968347583535e-05 1.555405090804609647e-04
3.914330566821852086e-05 4.981265311617763948e-05 1.565187315086258302e-04
3.897045754985743271e-05 4.992670382182875594e-05 1.574970489195861960e-04
3.879882172475944792e-05 5.003814905330061064e-05 1.584758770065250628e-04
3.862117662863982326e-05 5.015131145753239404e-05 1.594534434838481077e-04
3.844319071220879955e-05 5.026343604195147077e-05 1.604310675744125871e-04
3.826534781241852195e-05 5.037439431213092307e-05 1.614088506126445943e-04
3.808810786189243059e-05 5.048399556396570979e-05 1.623868961598919948e-04
3.791201101968161925e-05 5.059251338981986593e-05 1.633652688264636450e-04
3.773749997482918518e-05 5.069995636215562349e-05 1.643440440313561138e-04
3.756495029732677252e-05 5.080624683866877543e-05 1.653232924976890360e-04
3.739463859667566977e-05 5.091121385476084585e-05 1.663030752650637364e-04
3.722683377534144505e-05 5.101493556649378604e-05 1.672834228833653195e-04
3.706183024449196756e-05 5.111755139198901211e-05 1.682643621568479138e-04
3.688563518050061408e-05 5.121823556581403048e-05 1.692433197158691414e-04
3.668775888691905426e-05 5.131625863827521324e-05 1.702184471313230446e-04
3.651852565906775868e-05 5.141438094759763071e-05 1.711991245357509864e-04
3.634525406293108527e-05 5.151101068656560063e-05 1.721792450160028812e-04
3.616824844699361981e-05 5.160617559316378199e-05 1.731588417414301091e-04
3.598789060612097559e-05 5.169981625286774053e-05 1.741379739672263040e-04
3.580463226427463893e-05 5.179180001727315771e-05 1.751167250386119478e-04
3.561906971045285649e-05 5.188237988713270574e-05 1.760951731845251250e-04
3.543183203937008734e-05 5.197169944719281961e-05 1.770734182792539288e-04
3.524356410228107560e-05 5.205977974669966026e-05 1.780515780964745873e-04
3.505491358914193271e-05 5.214653570143730298e-05 1.790297825731627761e-04
3.486655937400803183e-05 5.223202924000613847e-05 1.800081552989418396e-04
3.467920463137359776e-05 5.231654118822690101e-05 1.809868050258807599e-04
3.449348130383209278e-05 5.240013819825600029e-05 1.819658439997755284e-04
3.430994926941941073e-05 5.248274968292094953e-05 1.829453794124839654e-04
3.412909312165361534e-05 5.256423627349264663e-05 1.839255063661822051e-04
3.395140372178041989e-05 5.264495031426444783e-05 1.849062759974478588e-04
3.377722869698482388e-05 5.272493963928905774e-05 1.858877349647050127e-04
3.360679954356351448e-05 5.280414895317502141e-05 1.868699143927747032e-04
3.343188456033981685e-05 5.288150976858799586e-05 1.878513874985212814e-04
3.324746939579422870e-05 5.295657284326427122e-05 1.888312906249190772e-04
3.308135349381918116e-05 5.303251300447509167e-05 1.898144682899787980e-04
3.291505457440375851e-05 5.310728903099207714e-05 1.907977042209362678e-04
3.274855147507940722e-05 5.318074745372714288e-05 1.917810048199740901e-04
3.258183049938442432e-05 5.325277754564754868e-05 1.927643742824958380e-04
3.241493680984964296e-05 5.332365687938496278e-05 1.937477980635685451e-04
3.224787197472544158e-05 5.339338317218738126e-05 1.947312752116170213e-04
3.208062176836821468e-05 5.346184309579493497e-05 1.957148097087310981e-04
3.191316182451588889e-05 5.352884742770676942e-05 1.966984088355109433e-04
3.174552626982252222e-05 5.359461127944323717e-05 1.976820617966782573e-04
3.157772785911081183e-05 5.365920968287808484e-05 1.986657642161541136e-04
3.140976074088820197e-05 5.372258497968813491e-05 1.996495173497499394e-04
3.124160461134371233e-05 5.378456787585197247e-05 2.006333268705796230e-04
3.107326329548126869e-05 5.384516216189103564e-05 2.016171913124275607e-04
3.090476745447652296e-05 5.390457874918100969e-05 2.026011011283255017e-04
3.073611867622880894e-05 5.396281544442086607e-05 2.035850552843058298e-04
3.056730049829618908e-05 5.401972385052319404e-05 2.045690579568692699e-04
3.039829001734249065e-05 5.407509761127895668e-05 2.055531153245283849e-04
3.022913306480374496e-05 5.412927907069690648e-05 2.065372138940896329e-04
3.005983155330016409e-05 5.418226859767986161e-05 2.075213525057854197e-04
2.989037663189422769e-05 5.423397369171903680e-05 2.085055329448049291e-04
2.972074917720095167e-05 5.428420799140103636e-05 2.094897598641475012e-04
2.955096759842786095e-05 5.433310166145571211e-05 2.104740277742863340e-04
2.938104987565484389e-05 5.438079153683511108e-05 2.114583312522446898e-04
2.921099396292539392e-05 5.442724170063871671e-05 2.124426701168198595e-04
2.904078421262375312e-05 5.447228603746494344e-05 2.134270476383181778e-04
2.887041465209317867e-05 5.451583994345227032e-05 2.144114647039735075e-04
2.869991739696072961e-05 5.455817838032914560e-05 2.153959126867804885e-04
2.852929405835853889e-05 5.459929930556938691e-05 2.163803904330994371e-04
2.835853359771760149e-05 5.463907146846264801e-05 2.173648996822313308e-04
2.818761840781530868e-05 5.467728990374866305e-05 2.183494437344472502e-04
2.801657844803516896e-05 5.471422584838363999e-05 2.193340150883436174e-04
2.784542089208984247e-05 5.474993285637665233e-05 2.203186113418713864e-04
2.767414075107499968e-05 5.478433593672432992e-05 2.213032326302895487e-04
2.750272361642677017e-05 5.481725022217136614e-05 2.222878809614082553e-04
2.733117791984890425e-05 5.484873339128438222e-05 2.232725537809217807e-04
2.715952314315354458e-05 5.487897640880024034e-05 2.242572464609274632e-04
2.698775954486187887e-05 5.490796095299948696e-05 2.252419579966266280e-04
2.681587561375975185e-05 5.493552239779866578e-05 2.262266892601116040e-04
2.664386127917976984e-05 5.496150331666632384e-05 2.272114408697549319e-04
2.647174640653324806e-05 5.498623308908208484e-05 2.281962071263928145e-04
2.629953262269076077e-05 5.500970984950289615e-05 2.291809867589617022e-04
2.612721290406917350e-05 5.503181435028593066e-05 2.301657794950922285e-04
2.595477445964400749e-05 5.505234094135021925e-05 2.311505856853980287e-04
2.578223673408672166e-05 5.507150907069811396e-05 2.321354019028045064e-04
2.560960866581341757e-05 5.508941348352920214e-05 2.331202260734840069e-04
2.543688776918979417e-05 5.510599063481127152e-05 2.341050571424106719e-04
2.526406389376935184e-05 5.512105471817849790e-05 2.350898944104462714e-04
2.509114066608982712e-05 5.513461370202032513e-05 2.360747362109712720e-04
2.491813568337731874e-05 5.514689850786669116e-05 2.370595803709344383e-04
2.474505021827717977e-05 5.515790138208874808e-05 2.380444255397884921e-04
2.457187646958575403e-05 5.516745638068993511e-05 2.390292701331367571e-04
2.439860518723954423e-05 5.517535965123277880e-05 2.400141123827560785e-04
2.422526075351089830e-05 5.518197853562808184e-05 2.409989512286722993e-04
2.405184480219251655e-05 5.518731137220103173e-05 2.419837852870826249e-04
2.387835320075137541e-05 5.519124273964074606e-05 2.429686124920350451e-04
2.370477761655531706e-05 5.519356305143939442e-05 2.439534300825206906e-04
2.353113127682202288e-05 5.519447068370064735e-05 2.449382375634872114e-04
2.335742203607581546e-05 5.519408239210761585e-05 2.459230342926441333e-04
2.318364890022053877e-05 5.519233684518449969e-05 2.469078182183292308e-04
2.300980566637684022e-05 5.518904363694421977e-05 2.478925857595059949e-04
2.283589503486234027e-05 5.518419570991151896e-05 2.488773350852149964e-04
2.266193012695805106e-05 5.517804225957045569e-05 2.498620675309612925e-04
2.248791235060695881e-05 5.517057576938024795e-05 2.508467815487878082e-04
2.231383735932829750e-05 5.516162489176137875e-05 2.518314729018041910e-04
2.213970010649108698e-05 5.515097816132601794e-05 2.528161365519796845e-04
2.196551720620297955e-05 5.513901659503739848e-05 2.538007770331095030e-04
2.179129028904179248e-05 5.512573876215007854e-05 2.547853928559704051e-04
2.161701748415632097e-05 5.511102143789836682e-05 2.557699799599147394e-04
2.144269476261076324e-05 5.509464651302142042e-05 2.567545321381543844e-04
2.126833155355960136e-05 5.507683483760122245e-05 2.577390522493319160e-04
2.109393263323552161e-05 5.505769636395168914e-05 2.587235411351950128e-04
2.091949677597335864e-05 5.503715280998885327e-05 2.597079950810280737e-04
2.074501796285806740e-05 5.501498573945762835e-05 2.606924061475794120e-04
2.057049461861856909e-05 5.499119553845719380e-05 2.616767715390368350e-04
2.039593181554732023e-05 5.496600774910189921e-05 2.626610951591786848e-04
2.022132774372325200e-05 5.493938532181403081e-05 2.636453736751501360e-04
2.004667500476316167e-05 5.491111298147801766e-05 2.646295973532815891e-04
1.987196598034146556e-05 5.488098395981876423e-05 2.656137561521309740e-04
1.969721078020245336e-05 5.484936980198954328e-05 2.665978601597137829e-04
1.952240830871299562e-05 5.481625480118572347e-05 2.675819064063031209e-04
1.934755190925265382e-05 5.478145662678568885e-05 2.685658847665630886e-04
1.917263104663852329e-05 5.474468664179408541e-05 2.695497801193345866e-04
1.899765488484867244e-05 5.470625954029140664e-05 2.705336023472171281e-04
1.882262509455368148e-05 5.466624307518201366e-05 2.715173516647452663e-04
1.864753662001726427e-05 5.462450690336648782e-05 2.725010189251306399e-04
1.847237892555419507e-05 5.458077192838331113e-05 2.734845870255462816e-04
1.829715456627334564e-05 5.453514204686047887e-05 2.744680572853309269e-04
1.812187052800564622e-05 5.448783338177795674e-05 2.754514375773375531e-04
1.794652379692651128e-05 5.443877369558961329e-05 2.764347208117595538e-04
1.777110404961075116e-05 5.438769581228663325e-05 2.774178880641763045e-04
1.759560564172320453e-05 5.433446977653312262e-05 2.784009275579911805e-04
1.742004182343709766e-05 5.427947456420343845e-05 2.793838579769228163e-04
1.727203735720121168e-05 5.422733428650277683e-05 2.803705119009507196e-04
1.716354837795461939e-05 5.417978635006826226e-05 2.813626314949616361e-04
1.699932801136993157e-05 5.412049542408941107e-05 2.823472492470865784e-04
1.684921608439731084e-05 5.406167575359237492e-05 2.833341462147721639e-04
1.671259433963319163e-05 5.400322574243395310e-05 2.843230254831827924e-04
1.658843610423618324e-05 5.394477400172600359e-05 2.853135500713505947e-04
1.646383662398653779e-05 5.388924463297839668e-05 2.863041175845660279e-04
1.634296746214725665e-05 5.383765548619117033e-05 2.872949814604563133e-04
1.625944223323351758e-05 5.378007665740349835e-05 2.882897963849872028e-04
1.616451458614117769e-05 5.372234125282336761e-05 2.892836030524530144e-04
1.606716671346598664e-05 5.366438184490356951e-05 2.902771643091555005e-04
1.596963954464839254e-05 5.360592754779387444e-05 2.912706787330235012e-04
1.586976120059892847e-05 5.354666708561871020e-05 2.922639103074913501e-04
1.576541498869421171e-05 5.348586947048812075e-05 2.932565868946361738e-04
1.565460281518999346e-05 5.342246443318779457e-05 2.942483951532621003e-04
1.553552411971985316e-05 5.335557144821490597e-05 2.952390122975966265e-04
1.540664997983314091e-05 5.328502675119047135e-05 2.962281450448341590e-04
1.526671603930438313e-05 5.321019513113045183e-05 2.972154545121609599e-04
1.511476649240674237e-05 5.313020897339575859e-05 2.982005771047899385e-04
1.500079043553679246e-05 5.302391890500184410e-05 2.991864049279465386e-04
1.490369840248548292e-05 5.289978945052951426e-05 3.001716809451120474e-04
1.473097877828830033e-05 5.279485378739702653e-05 3.011510162970730022e-04
1.452325065239389029e-05 5.267942891669723205e-05 3.021210560448265789e-04
1.429342327969061018e-05 5.255237779039015214e-05 3.030845240560623398e-04
1.414450552548652671e-05 5.239756964108320476e-05 3.040607828460220423e-04
1.399964837846574416e-05 5.222475639323556900e-05 3.050344885401189837e-04
1.381212855978389110e-05 5.205568339035979294e-05 3.060020665147105030e-04
1.362225775880671786e-05 5.187378323175619488e-05 3.069668587447143236e-04
1.343048913545320208e-05 5.168054760120054298e-05 3.079290762304661387e-04
1.323733978291423652e-05 5.147845434394118346e-05 3.088892002896816667e-04
1.304333915967564555e-05 5.126956318728289453e-05 3.098476999995230033e-04
1.284902450014944252e-05 5.105579343129145766e-05 3.108050614369006412e-04
1.265492839622686236e-05 5.083896001629655090e-05 3.117617796145962135e-04
1.246158819842634134e-05 5.062177396374663676e-05 3.127185706340331051e-04
1.226950705370567763e-05 5.040658202484752542e-05 3.136760642267750858e-04
1.207914144788122534e-05 5.019535850572531290e-05 3.146347817607219634e-04
1.189088701191307054e-05 4.998965844348805896e-05 3.155951136540068903e-04
1.170508273228275781e-05 4.979126970190600227e-05 3.165574553123102867e-04
1.153382013894503254e-05 4.959700953882594622e-05 3.175230688499419175e-04
1.135283357995570972e-05 4.939652384979328876e-05 3.184815464376609777e-04
1.104625132498355226e-05 4.921012521135644511e-05 3.194121308498472714e-04
1.086504101657849542e-05 4.904922878098833943e-05 3.203822190544509257e-04
1.065439050386142146e-05 4.888698277422480601e-05 3.213462086704517093e-04
1.044035502161906189e-05 4.872876424716292136e-05 3.223100753020941185e-04
1.023405545578168591e-05 4.856840572258389293e-05 3.232749723564585023e-04
9.979031692774537792e-06 4.841881290195425606e-05 3.242302576623168342e-04
9.730921099012823089e-06 4.827232610138731597e-05 3.251878493619984878e-04
9.481763516848623469e-06 4.812795097419446697e-05 3.261454886417779891e-04
9.228542823922179851e-06 4.798441069065304172e-05 3.271021884074230314e-04
8.973182658319376630e-06 4.784024523907790173e-05 3.280582254833919360e-04
8.717665837961777154e-06 4.769407568250485379e-05 3.290139160781972022e-04
8.464022553519760328e-06 4.754539547650307382e-05 3.299697172020493209e-04
8.214215780500258633e-06 4.739298931754710385e-05 3.309259398746925394e-04
7.970116250805721044e-06 4.723546883180048046e-05 3.318828040812776131e-04
7.733437219336807358e-06 4.707084780888474350e-05 3.328403352815889962e-04
7.513625902403505835e-06 4.689851846017458327e-05 3.338002646236992374e-04
7.340654963352556369e-06 4.671599282146572809e-05 3.347680400173406144e-04
7.134514195618612702e-06 4.651710923440161640e-05 3.357257198088586109e-04
6.899944379777495718e-06 4.627021670992488962e-05 3.366648384899402144e-04
6.627060475551923625e-06 4.609941478880159995e-05 3.376075605578633329e-04
6.551394426380803538e-06 4.586679755051360519e-05 3.385766353084743857e-04
6.383983786192202407e-06 4.562890057773004264e-05 3.395332214309269153e-04
6.177185939543201216e-06 4.539820680232143718e-05 3.404837601175018588e-04
6.020835296208144949e-06 4.513502084841607961e-05 3.414357472748259618e-04
5.863000550782712766e-06 4.486363022683582708e-05 3.423851833811589543e-04
5.702874209899195778e-06 4.458506388259857986e-05 3.433321550762695462e-04
5.539701751726054388e-06 4.430036279015492503e-05 3.442767794713998825e-04
5.372794850085591192e-06 4.400995562643156180e-05 3.452190121571011884e-04
5.201588713289579729e-06 4.371549026752691091e-05 3.461592122465891909e-04
5.025637564120492236e-06 4.341862193925261120e-05 3.470977794216892863e-04
4.844624355664115019e-06 4.312053789015121648e-05 3.480349977810783500e-04
4.658376737710982459e-06 4.282204810608296428e-05 3.489710607983351198e-04
4.466875713718641228e-06 4.252353478577399311e-05 3.499060557510592397e-04
4.269708687781352984e-06 4.222647470098851095e-05 3.508403277702088104e-04
4.057509740245299766e-06 4.192392051255562998e-05 3.517695336193067679e-04
3.850789677872082438e-06 4.163243982673670094e-05 3.527035059542396600e-04
3.641975031160031397e-06 4.134242628483345331e-05 3.536373342389069127e-04
3.498557598032775494e-06 4.106321202045019051e-05 3.545864006474497288e-04
3.228303773167790554e-06 4.079354784199923736e-05 3.555105406508815569e-04
3.022041764940445773e-06 4.051685623891371121e-05 3.564491015561007704e-04
2.813680868668306354e-06 4.024451366799765273e-05 3.573884707915634361e-04
2.605819408963388798e-06 3.997566688172338265e-05 3.583289568866799071e-04
2.399222977576006610e-06 3.971032923909381717e-05 3.592707175373651036e-04
2.194606818020219610e-06 3.944737342672346634e-05 3.602135779788816217e-04
1.992629069327165292e-06 3.918536168590683593e-05 3.611572695494395975e-04
1.793895709116250708e-06 3.892172808382210974e-05 3.621011979298696323e-04
1.598911802417019612e-06 3.865607527781499131e-05 3.630453414948764217e-04
1.408040369708728470e-06 3.838693773882832826e-05 3.639893374337509722e-04
1.221524903308755679e-06 3.811262582844993888e-05 3.649327123827327685e-04
1.039520385539313819e-06 3.783100480965233476e-05 3.658748118583270668e-04
8.620311872791562398e-07 3.754073704058474251e-05 3.668151457211117628e-04
6.888663358801289002e-07 3.724121929311655484e-05 3.677533806705113491e-04
5.091549682295704382e-07 3.693197732262323022e-05 3.686869824104880428e-04
2.957569421056363052e-07 3.661337625305275843e-05 3.696103328815268478e-04
1.292181402792290344e-07 3.628475210919833964e-05 3.705397754238011487e-04
-7.003087455068978171e-09 3.596035264678402896e-05 3.714756311766881890e-04
-1.762318253845042932e-07 3.562150927932426845e-05 3.724010216624748341e-04
-3.533824113914248994e-07 3.529846686656619236e-05 3.733304900301564859e-04
-5.211052901430486179e-07 3.494207049268888734e-05 3.742496465318147399e-04
-6.866786743374353337e-07 3.458320920942851246e-05 3.751682337830505864e-04
-8.504959126579157353e-07 3.422201993196176683e-05 3.760862232444939397e-04
-1.012881583267074861e-06 3.385817099212625397e-05 3.770034161383268093e-04
-1.174079944555849699e-06 3.349101674520731396e-05 3.779194998839905360e-04
-1.334317845136213186e-06 3.311991678184925396e-05 3.788341617707254895e-04
-1.494170347398627396e-06 3.274537228838303611e-05 3.797474858898055444e-04
-1.653976227186493166e-06 3.236711168322653368e-05 3.806592851619198907e-04
-1.813962149767692151e-06 3.198468418466963710e-05 3.815693118290651789e-04
-1.974152266070049142e-06 3.159730002714947596e-05 3.824772040955512140e-04
-2.134969986669080286e-06 3.120540446637601757e-05 3.833830469816110371e-04
-2.296651340108007770e-06 3.080906473586765651e-05 3.842868000025088590e-04
-2.456553259273751176e-06 3.041025611082842899e-05 3.851897693748725961e-04
-2.609696520965196430e-06 3.001239296600614025e-05 3.860943125459392368e-04
-2.770377416435911113e-06 2.960401190286660787e-05 3.869928695205472093e-04
-2.930058132557209051e-06 2.919266452196726290e-05 3.878902509762594160e-04
-3.086447570490733388e-06 2.877846574577313312e-05 3.887868882441040431e-04
-3.235057141961193524e-06 2.836186154652465172e-05 3.896837442776972422e-04
-3.387317972747709998e-06 2.794252205241611899e-05 3.905787116999419675e-04
-3.538583651613295028e-06 2.751909959042262802e-05 3.914719246053640668e-04
-3.686719743052688349e-06 2.709322842303884868e-05 3.923644976934993409e-04
-3.831710298245114361e-06 2.666479771776354699e-05 3.932563615718998387e-04
-3.973358173304956149e-06 2.623340873967154539e-05 3.941473364447002983e-04
-4.111946528656457075e-06 2.579932589838802683e-05 3.950374842136964749e-04
-4.247884850129404097e-06 2.536289521512294004e-05 3.959268923912771972e-04
-4.381343143225752276e-06 2.492408916029199048e-05 3.968155069808670249e-04
-4.512304164091007175e-06 2.448264866935740837e-05 3.977031872954474995e-04
-4.640722241808927466e-06 2.403830648111753937e-05 3.985897915948508410e-04
-4.767325655916310576e-06 2.359168884305423391e-05 3.994755131995980993e-04
-4.892341038371672703e-06 2.314280449328772168e-05 4.003603140843021817e-04
-5.015822202515052119e-06 2.269150450550397620e-05 4.012441004204053176e-04
-5.137512580151144393e-06 2.223736990107972431e-05 4.021266828438036824e-04
-5.257998466531447569e-06 2.178087816741053592e-05 4.030082140562959644e-04
-5.377563595287630529e-06 2.132219071322244636e-05 4.038887303076392661e-04
-5.496224422116688812e-06 2.086124769365581055e-05 4.047681901397570323e-04
-5.613687897215869488e-06 2.039777087013503671e-05 4.056464781167379990e-04
-5.729910313932304189e-06 1.993176800323797008e-05 4.065235942010726744e-04
-5.845324175260126245e-06 1.946366856921297151e-05 4.073997000809243506e-04
-5.959861676398250960e-06 1.899349628204881471e-05 4.082748104321655240e-04
-6.073171066713880647e-06 1.852110392872743133e-05 4.091488836549072965e-04
-6.184488598314238393e-06 1.804609390493174621e-05 4.100217941637499496e-04
-6.294416934318168498e-06 1.756912068894839540e-05 4.108938097138700209e-04
-6.402738870167212234e-06 1.709022397945013038e-05 4.117649715808177624e-04
-6.509047356760733107e-06 1.660934302161381221e-05 4.126352874023633648e-04
-6.612570179017032502e-06 1.612621374501010940e-05 4.135046934065681433e-04
-6.713246417131393104e-06 1.564106424961254232e-05 4.143733086108387052e-04
-6.811137852990073498e-06 1.515417629436067540e-05 4.152412689932007649e-04
-6.905888353703351405e-06 1.466556482650100805e-05 4.161086088108893917e-04
-6.997101029161163816e-06 1.417517636478089371e-05 4.169753248427221504e-04
-7.084489517828412284e-06 1.368300707896794664e-05 4.178414239459273677e-04
-7.167152340861178480e-06 1.318904734754774251e-05 4.187069686354683018e-04
-7.245858027579785420e-06 1.269369799508961412e-05 4.195720877514640818e-04
-7.320139226749197471e-06 1.219688658112947956e-05 4.204367582128919374e-04
-7.385860766953581290e-06 1.170101701211896298e-05 4.213026105746183435e-04
-7.406552785194992586e-06 1.123347998915508352e-05 4.221836204941348258e-04
-7.358755063195339247e-06 1.081132083206900641e-05 4.230858361326302747e-04
-7.401252407250754383e-06 1.032261771691638246e-05 4.239570501919968058e-04
-7.408114951361900737e-06 9.849886747548753488e-06 4.248381146947375134e-04
-7.387797909585518041e-06 9.392190059484652862e-06 4.257268900298965403e-04
-7.342567451793100237e-06 8.948926369875680694e-06 4.266220540422699901e-04
-7.274773975149765099e-06 8.518592916470217832e-06 4.275221081148556680e-04
-7.230262636801941604e-06 8.094381826537646425e-06 4.284250616399024568e-04
-7.245343366231281374e-06 7.669524744947617243e-06 4.293299949762402826e-04
-7.214697977450554088e-06 7.252495516603223677e-06 4.302379747367452920e-04
-7.157424852104569832e-06 6.838843202559357980e-06 4.311465620433492345e-04
-7.100407933333970378e-06 6.421050093902463142e-06 4.320532315757628569e-04
-7.085767504659097359e-06 5.994236997643428659e-06 4.329553725610280936e-04
-7.145152668847819461e-06 5.554621460030059995e-06 4.338515347460233582e-04
-7.218722146901657777e-06 5.103584143465084097e-06 4.347409575450314131e-04
-7.300457266110134203e-06 4.639566958690221112e-06 4.356229675830272478e-04
-7.383185425488670943e-06 4.161185644197060609e-06 4.364971732201713799e-04
-7.460606582018976645e-06 3.667722974386844776e-06 4.373634383093433220e-04
-7.527235138567824518e-06 3.159051493984680960e-06 4.382217487490830572e-04
-7.559560276958672643e-06 2.634680440880077542e-06 4.390721978552764200e-04
-7.598013460357354781e-06 2.081071296145858996e-06 4.399032876731081600e-04
-7.634743984908244873e-06 1.507902656543668622e-06 4.407215409994000473e-04
-7.626975911184280023e-06 9.304044062072949173e-07 4.415376180197721698e-04
-7.591606246135156260e-06 3.403063104877444571e-07 4.423440523537423320e-04
-7.541288320869609015e-06 -2.666963931584071958e-07 4.431370526406792736e-04
-7.475430670540358858e-06 -8.877635967739659510e-07 4.439179452708618551e-04
-7.395630346235276677e-06 -1.519691554096131778e-06 4.446888073016837771e-04
-7.305150474161311154e-06 -2.159124135449404545e-06 4.454522840237726440e-04
-7.205603486372714225e-06 -2.803174335590653308e-06 4.462107517407207236e-04
-7.099193362764165170e-06 -3.448914279609306740e-06 4.469668532626684503e-04
-6.987955462932019425e-06 -4.093521678363376217e-06 4.477232285148300198e-04
-6.876000918521926506e-06 -4.734179046543950091e-06 4.484828425036229034e-04
-6.766619082706508610e-06 -5.368176917309549597e-06 4.492483911556982915e-04
-6.662866548549787457e-06 -5.992859993545893118e-06 4.500223359926460408e-04
-6.566805457370418687e-06 -6.605653181310161884e-06 4.508067159978406541e-04
-6.481540079154180244e-06 -7.203683481525855693e-06 4.516036410729274558e-04
-6.410085460708240699e-06 -7.784910937338666606e-06 4.524142291859436019e-04
-6.368550721852648527e-06 -8.359696353821419927e-06 4.532314488289710709e-04
-6.332256975862405553e-06 -8.906100140019964812e-06 4.540681345205251074e-04
-6.181746282246786863e-06 -9.415930673124385639e-06 4.549144424665853455e-04
-6.169792485602342435e-06 -9.999165891351178119e-06 4.557249129661386858e-04
-6.111498041980241418e-06 -1.050999108959524005e-05 4.565816078642595359e-04
-6.030036221315974490e-06 -1.100370559997441048e-05 4.574473878470150696e-04
-5.930804132500834689e-06 -1.149212529550937301e-05 4.583143159539700487e-04
-5.814908486565018074e-06 -1.197719435952763360e-05 4.591810621999287134e-04
-5.683586588571028259e-06 -1.246106515310574456e-05 4.600462800367390026e-04
-5.538154562182875156e-06 -1.294599204595155179e-05 4.609086475405262985e-04
-5.379799359169023349e-06 -1.343423816155191555e-05 4.617668571061570547e-04
-5.237464286314677483e-06 -1.393127419227099412e-05 4.626228142182715712e-04
-5.160279998120035614e-06 -1.444289784603072469e-05 4.634783522244915674e-04
-5.014772738807137521e-06 -1.495740904286441884e-05 4.643231941654597447e-04
-4.878279781966633765e-06 -1.548352275794056353e-05 4.651625726854583844e-04
-4.704575495571501144e-06 -1.598594731797435992e-05 4.660095163578786316e-04
-4.550612904414553497e-06 -1.650670315892258542e-05 4.668492061237687445e-04
-4.417187385054037433e-06 -1.704363046218504486e-05 4.676822068480652322e-04
-4.279482575885602023e-06 -1.758106015041815791e-05 4.685141962462017508e-04
-4.136413710951160273e-06 -1.811872242703368988e-05 4.693451296652146817e-04
-3.988217641678911446e-06 -1.865649157386984507e-05 4.701750945388986046e-04
-3.865112731516913899e-06 -1.919453259649570048e-05 4.710089752379543852e-04
-3.743477447853690478e-06 -1.973441777629935881e-05 4.718418273282534020e-04
-3.688576978422403322e-06 -2.027887644706311639e-05 4.726787677310087879e-04
-3.570521126169824740e-06 -2.081963487101130754e-05 4.735116145395353894e-04
-3.473238192686165400e-06 -2.136168358699131096e-05 4.743463114300528090e-04
-3.379849083765278262e-06 -2.190444239371947552e-05 4.751809905632412012e-04
-3.295560576285411539e-06 -2.244432683827769862e-05 4.760184801498642398e-04
-3.244778300261569594e-06 -2.298892912064535779e-05 4.768556319006750019e-04
-3.209183938078331581e-06 -2.353339736693710796e-05 4.776936552926733769e-04
-3.185721315987649496e-06 -2.407765923538397732e-05 4.785322412220035723e-04
-3.171101477256438984e-06 -2.462173411910747396e-05 4.793711499186839413e-04
-3.162547240204876994e-06 -2.516585957663413864e-05 4.802101101164970957e-04
-3.155948542355161595e-06 -2.570999810195037362e-05 4.810490795269283318e-04
-3.147752524647675594e-06 -2.625430315969964123e-05 4.818879265661955846e-04
-3.134519912716039340e-06 -2.679893008003682140e-05 4.827265000384604529e-04
-3.113743617877303866e-06 -2.734413430462258657e-05 4.835645447608572130e-04
-3.082139424495830606e-06 -2.788993387300178718e-05 4.844018627655640417e-04
-3.036809351886270076e-06 -2.843631679229866540e-05 4.852381686960374231e-04
-2.975854731253598241e-06 -2.898341896025725104e-05 4.860730103165822845e-04
-2.919544747798068054e-06 -2.954309320771025886e-05 4.868998031315337725e-04
-2.825419296712869485e-06 -3.009213595303008971e-05 4.877302781185963165e-04
-2.702626919452213204e-06 -3.064519202203718238e-05 4.885543228269175267e-04
-2.556179063426701476e-06 -3.120102047355598478e-05 4.893726184690594568e-04
-2.410347991890288960e-06 -3.175690370924978641e-05 4.901909870447516450e-04
-2.246059983008362096e-06 -3.231527020127462186e-05 4.910041494255936063e-04
-2.063752398309825545e-06 -3.287547519964727726e-05 4.918121892976941648e-04
-1.865911642476074959e-06 -3.343716013202438568e-05 4.926155335434373624e-04
-1.655503877704185343e-06 -3.400002121324745340e-05 4.934148514828535885e-04
-1.437197515874739782e-06 -3.456408743468701648e-05 4.942111980953799860e-04
-1.213753468532772401e-06 -3.512900198768181744e-05 4.950055168585947366e-04
-9.882582223694270594e-07 -3.569446805245958391e-05 4.957988639817186190e-04
-7.644504289855261266e-07 -3.626031516651659109e-05 4.965924171873308153e-04
-5.466886757133252941e-07 -3.682648754007562884e-05 4.973874163560708904e-04
-3.392591480836386950e-07 -3.739288252039574143e-05 4.981850092946895313e-04
-1.450597216154084497e-07 -3.795907770053711256e-05 4.989860610588934924e-04
3.241795062776474109e-08 -3.852474843923180651e-05 4.997913406224415746e-04
1.897921997716506052e-07 -3.908953365146359307e-05 5.006013950053051983e-04
3.229344505684722291e-07 -3.965319304000288863e-05 5.014165448808324821e-04
3.973926324284048650e-07 -4.019523273861950476e-05 5.022531217987735719e-04
4.959927849907816088e-07 -4.074996749242202541e-05 5.030790867414213635e-04
5.501180081063557124e-07 -4.130197054121463227e-05 5.039108696333317004e-04
6.258564430062177330e-07 -4.184192745211749368e-05 5.047490315081763594e-04
6.557009979964882500e-07 -4.238023827327170256e-05 5.055909943916217682e-04
6.657056303079258313e-07 -4.291343123114673926e-05 5.064369138416020821e-04
6.476618911531520218e-07 -4.344069012508406410e-05 5.072863700767140868e-04
6.176515177987531536e-07 -4.396329718967956901e-05 5.081384089281604233e-04
5.791179651059157957e-07 -4.448245188803745889e-05 5.089922159457718927e-04
5.346524215388845123e-07 -4.499932316185161548e-05 5.098471218115789572e-04
4.863029134835306496e-07 -4.551523182860380646e-05 5.107023993156591286e-04
4.360736551406462577e-07 -4.603154821447657489e-05 5.115573228323634300e-04
3.854373148534175506e-07 -4.654969205632999898e-05 5.124111159480089495e-04
3.367694151102945021e-07 -4.707091772162698526e-05 5.132631456500158333e-04
2.919892714538669465e-07 -4.759639663323552902e-05 5.141127723867640852e-04
2.526524009819233675e-07 -4.812716627175435560e-05 5.149593744302534588e-04
2.198914536407725058e-07 -4.866410902176225350e-05 5.158023562379342175e-04
1.947297374643903359e-07 -4.920789455448717163e-05 5.166412028923994711e-04
1.632720259345205642e-07 -4.975565551383822488e-05 5.174772280857665475e-04
6.126136096447540614e-08 -5.029069956652024658e-05 5.183158708499525751e-04
6.774392143450077600e-08 -5.084034345537450701e-05 5.191512036351363449e-04
4.888582973835258523e-08 -5.140341837223077581e-05 5.199773942973842655e-04
2.626254982187121498e-08 -5.196836098640497415e-05 5.208022142911749794e-04
4.636208135653798308e-10 -5.253510207634856492e-05 5.216257061624370722e-04
-2.785028501083562209e-08 -5.310354406643893105e-05 5.224479420656135548e-04
-5.789197039484292296e-08 -5.367359160961989437e-05 5.232690042665643498e-04
-8.877799691068222030e-08 -5.424507779767829288e-05 5.240890344262519318e-04
-1.196907241103594339e-07 -5.481780344907581182e-05 5.249081984081940995e-04
-1.497821276830352669e-07 -5.539157278312102162e-05 5.257266622907797414e-04
-1.781450456623570959e-07 -5.596618339700134024e-05 5.265445974340335518e-04
-2.036551697830003638e-07 -5.654144041086720532e-05 5.273621718054626213e-04
-2.256496353102312813e-07 -5.711707837503035839e-05 5.281795798894209186e-04
-2.433612295783961185e-07 -5.769286002566734303e-05 5.289969903232243607e-04
-2.560606613862867752e-07 -5.826855219017129905e-05 5.298145564204886568e-04
-2.626968223698680033e-07 -5.884394672576889838e-05 5.306324026326052733e-04
-2.627773508272725125e-07 -5.941880878183414765e-05 5.314506495394132925e-04
-2.559754232591929421e-07 -5.999292366100646932e-05 5.322693921130613494e-04
-2.419548467408493426e-07 -6.056610703557747277e-05 5.330886948264079196e-04
-2.202837216970359154e-07 -6.113820441913458362e-05 5.339085890693128986e-04
-1.547619520915882740e-07 -6.173006820948210975e-05 5.347116551348558670e-04
-1.021070130413882763e-07 -6.230865603266508182e-05 5.355254510191467462e-04
-4.300784369394992343e-08 -6.288530699661896799e-05 5.363402848484488152e-04
2.864756560486341172e-08 -6.346374701155875606e-05 5.371528421295903959e-04
1.124024688115496848e-07 -6.404349601455199220e-05 5.379633077814941107e-04
2.065639452626436964e-07 -6.462414200254352310e-05 5.387719911395952646e-04
3.093196845801453443e-07 -6.520529904725029763e-05 5.395792628311206832e-04
4.189159421767275931e-07 -6.578656477305354312e-05 5.403855583967563485e-04
5.337750505159091298e-07 -6.636745748702502549e-05 5.411913917422531140e-04
6.523677613421865293e-07 -6.694742037076823219e-05 5.419973550874293035e-04
7.722792630563624764e-07 -6.752618147453210123e-05 5.428039878412338481e-04
8.914934765750761919e-07 -6.810339126015048058e-05 5.436118343863753644e-04
1.008188554340812944e-06 -6.867867680614462515e-05 5.444214185566027993e-04
1.121354089766997415e-06 -6.925135814728761575e-05 5.452333456684149010e-04
1.229106378151606473e-06 -6.982118921842601054e-05 5.460480079417071204e-04
1.329833917566736045e-06 -7.038794760218301631e-05 5.468657047781036104e-04
1.422409085606310795e-06 -7.095134167498229870e-05 5.476866817670767405e-04
1.506255718256150566e-06 -7.151096481793462291e-05 5.485111670841587989e-04
1.581338320883435344e-06 -7.206628377680863551e-05 5.493393983531623392e-04
1.725082509136957798e-06 -7.263242881794167789e-05 5.501503352453923287e-04
1.814098927028380418e-06 -7.318586316917269200e-05 5.509776822338985185e-04
1.889312796351507132e-06 -7.373434236257070276e-05 5.518104556728486466e-04
1.968069575114729462e-06 -7.428051607069011564e-05 5.526444151708657070e-04
2.050153083585710192e-06 -7.482441512568388281e-05 5.534795400484104552e-04
2.135236841093342637e-06 -7.536617879165949309e-05 5.543157521730080091e-04
2.223282271334268549e-06 -7.590576590992781868e-05 5.551530642388599612e-04
2.314460972252342039e-06 -7.644297576779647573e-05 5.559915684879043578e-04
2.409493969480430321e-06 -7.697713313860658996e-05 5.568315924502479676e-04
2.507756099235462918e-06 -7.750863679599014251e-05 5.576729281728653315e-04
2.609083686822091259e-06 -7.803754481542917885e-05 5.585155350305796157e-04
2.713495486283022800e-06 -7.856377511741855977e-05 5.593594408551732719e-04
2.821596472092877296e-06 -7.908669930641479902e-05 5.602049348117634983e-04
2.933376807548130675e-06 -7.960621179290796917e-05 5.610520521370922047e-04
3.048412022360549415e-06 -8.012261836807068639e-05 5.619006320800568575e-04
3.166626076046006628e-06 -8.063591957974235310e-05 5.627506579450151925e-04
3.288056576368968760e-06 -8.114601000816450247e-05 5.636021618457740488e-04
3.413714113528099080e-06 -8.165174621857581737e-05 5.644556453926093120e-04
3.542848335480301442e-06 -8.215380005223897424e-05 5.653107842724129292e-04
3.675245845305592282e-06 -8.265231655919028618e-05 5.661674920895477282e-04
3.810919910888058378e-06 -8.314721240726160158e-05 5.670257849465440425e-04
3.950374325867575450e-06 -8.363783298006460289e-05 5.678859233668167791e-04
4.093825405241297054e-06 -8.412381142203236950e-05 5.687480372504774388e-04
4.240740585741734105e-06 -8.460567265445627177e-05 5.696118781867323504e-04
4.391000222997179843e-06 -8.508348177527627414e-05 5.704773929767850173e-04
4.544613082097563258e-06 -8.555715721061965214e-05 5.713445895656607196e-04
4.702605354877180784e-06 -8.602529853135457497e-05 5.722139990756262840e-04
4.864296053013415450e-06 -8.648865798573832596e-05 5.730852904658944799e-04
5.029400538303368784e-06 -8.694751664013406834e-05 5.739583219535457012e-04
5.197904981521602036e-06 -8.740181902998653090e-05 5.748330849007009073e-04
5.370295232961661626e-06 -8.785081312837098543e-05 5.757098279066509908e-04
5.546857324120084689e-06 -8.829397815004536628e-05 5.765887032676674656e-04
5.726992945779953551e-06 -8.873205079588548645e-05 5.774694061792162887e-04
5.910551564012862042e-06 -8.916516242324765325e-05 5.783518542305126665e-04
6.097525171247709279e-06 -8.959324765125600961e-05 5.792360362458386959e-04
6.288948663092573148e-06 -9.001459990794467316e-05 5.801224940430011433e-04
6.483885740576218116e-06 -9.043048169945002172e-05 5.810107709767779391e-04
6.681985891740947468e-06 -9.084131311640305151e-05 5.819006968817196437e-04
6.883171255920240343e-06 -9.124711273512157398e-05 5.827922379402104489e-04
7.087957866890109645e-06 -9.164686863365794560e-05 5.836856857562647272e-04
7.296171654734299218e-06 -9.204068069196436215e-05 5.845809799247788166e-04
7.507272405681281151e-06 -9.242933775785172211e-05 5.854778505163323217e-04
7.721096343243105697e-06 -9.281301127394351029e-05 5.863762205632477853e-04
7.937806038577592329e-06 -9.319126120301776141e-05 5.872761969901844382e-04
8.157775993282596137e-06 -9.356315123792898489e-05 5.881780297204248706e-04
8.380345167058019309e-06 -9.392979504961989083e-05 5.890813737111405719e-04
8.605292365411155458e-06 -9.429149844630331121e-05 5.899861192928891780e-04
8.832554040746408054e-06 -9.464826971313125656e-05 5.908922437974631001e-04
9.062797448726433167e-06 -9.499841566315934277e-05 5.918001954875449534e-04
9.295357938415958895e-06 -9.534320139366895186e-05 5.927096094144003111e-04
9.529972281298910257e-06 -9.568306920525925180e-05 5.936203461735481586e-04
9.766574377993222708e-06 -9.601803872649174122e-05 5.945323825680814273e-04
1.000556823451590674e-05 -9.634685662141222043e-05 5.954460307911217318e-04
1.024666958121639676e-05 -9.666998922908388002e-05 5.963611536919156443e-04
1.048954689187088800e-05 -9.698812642820179750e-05 5.972775570117238621e-04
1.073409758744658128e-05 -9.730138977995428015e-05 5.981951935308538193e-04
1.098052844918507449e-05 -9.760892635302444457e-05 5.991142620124425416e-04
1.122881528231940609e-05 -9.791047540065832267e-05 6.000348137555049782e-04
1.147859515130486704e-05 -9.820695065910085278e-05 6.009566100119525557e-04
1.172974405645479597e-05 -9.849856569405532423e-05 6.018795839169287405e-04
1.198232626999607679e-05 -9.878484162554382862e-05 6.028038367177877832e-04
1.223647788268951498e-05 -9.906483898213135270e-05 6.037295803930364801e-04
1.249183484592537806e-05 -9.933967897294628555e-05 6.046565387730637800e-04
1.274826404848739759e-05 -9.960966033723671505e-05 6.055846283076231004e-04
1.300573393408925219e-05 -9.987466575696516790e-05 6.065138630622977749e-04
1.326445582221152600e-05 -1.001331007333230348e-04 6.074445974145466047e-04
1.352409003985055979e-05 -1.003862852717759662e-04 6.083765221898233821e-04
1.378450468055351649e-05 -1.006345997055608583e-04 6.093095389584518053e-04
1.404564717481160670e-05 -1.008780386725188739e-04 6.102436364952574382e-04
1.430763737043000121e-05 -1.011150483413300269e-04 6.111791471174335758e-04
1.457025751811237705e-05 -1.013465638747612706e-04 6.121158577850199789e-04
1.483337599585476508e-05 -1.015731261071339700e-04 6.130536394133756679e-04
1.509693289426292870e-05 -1.017947840160887262e-04 6.139924693719330841e-04
1.536093782491505875e-05 -1.020103629177995932e-04 6.149325867705109777e-04
1.562527041413249264e-05 -1.022201137750277907e-04 6.158739303255143967e-04
1.588981427400916469e-05 -1.024247829049432885e-04 6.168163332288994008e-04
1.615450600731789269e-05 -1.026245038015325003e-04 6.177597557088729263e-04
1.641928914952317243e-05 -1.028185161647193280e-04 6.187043421945659545e-04
1.668406170195360996e-05 -1.030063258360136704e-04 6.196501840467559356e-04
1.694874524435191449e-05 -1.031889020867549062e-04 6.205970761214100323e-04
1.721328217274350363e-05 -1.033664703562902249e-04 6.215449610117640064e-04
1.747760059861184156e-05 -1.035387368388549428e-04 6.224938843419070000e-04
1.774152696391143960e-05 -1.037043715846960320e-04 6.234440950792959069e-04
1.800504659278722989e-05 -1.038645933780603039e-04 6.243953481065750606e-04
1.826811828012078339e-05 -1.040197308712376709e-04 6.253475673826643447e-04
1.853068516810513783e-05 -1.041697635224859433e-04 6.263007434942472786e-04
1.879249010288642840e-05 -1.043131385153034233e-04 6.272551511541939358e-04
1.905360272155294990e-05 -1.044507824790534800e-04 6.282105932759246211e-04
1.931408289976342083e-05 -1.045832587457637316e-04 6.291669383950665266e-04
1.957393654757437010e-05 -1.047106360257827733e-04 6.301241463151498017e-04
1.983305558758744174e-05 -1.048320511334358663e-04 6.310823267296045667e-04
2.009142088556628206e-05 -1.049473548486918087e-04 6.320414651790821729e-04
2.034914053371082590e-05 -1.050574322610448502e-04 6.330013920378425168e-04
2.060623863136804197e-05 -1.051624936140500052e-04 6.339620474047026263e-04
2.086269183413963336e-05 -1.052623651350462588e-04 6.349234282583258483e-04
2.111833706666450358e-05 -1.053557364329378484e-04 6.358856756789881166e-04
2.137332647298170556e-05 -1.054438306538687679e-04 6.368485962425975838e-04
2.162770356367860124e-05 -1.055270074328800979e-04 6.378121159102087025e-04
2.188146906109452374e-05 -1.056052838718950281e-04 6.387762072610782792e-04
2.213448833509863459e-05 -1.056775827745974443e-04 6.397409601223047644e-04
2.238680981488412190e-05 -1.057442848352209164e-04 6.407062994835338934e-04
2.263851752402516938e-05 -1.058060643684388116e-04 6.416721270759919056e-04
2.288962790475533124e-05 -1.058630594527718472e-04 6.426384042571096217e-04
2.314009965706553714e-05 -1.059149426213649720e-04 6.436051347604326324e-04
2.338982275196636816e-05 -1.059608198176795310e-04 6.445723615793436632e-04
2.363892913567973406e-05 -1.060017388715717856e-04 6.455399711382280893e-04
2.388745632101393437e-05 -1.060380012160258865e-04 6.465079153175974820e-04
2.413540700568944086e-05 -1.060696306562646820e-04 6.474761697918118147e-04
2.438264808989118918e-05 -1.060955437626368800e-04 6.484447743882472935e-04
2.462924774614922582e-05 -1.061162693876780295e-04 6.494136681837302943e-04
2.487527904439524112e-05 -1.061323887056426173e-04 6.503827944018361097e-04
2.512075639936338478e-05 -1.061440152746337228e-04 6.513521254018924365e-04
2.536563937328461775e-05 -1.061508129672351756e-04 6.523216523031715244e-04
2.560983957172792706e-05 -1.061520344709257979e-04 6.532913737676473293e-04
2.585347672345943601e-05 -1.061486351089761262e-04 6.542612327513027716e-04
2.609658579655705363e-05 -1.061408911785402754e-04 6.552311993043985483e-04
2.633917115678239431e-05 -1.061288310497770203e-04 6.562012529312136536e-04
2.658111462342608184e-05 -1.061114511432220919e-04 6.571713851709405120e-04
2.682248231218200245e-05 -1.060892645271318684e-04 6.581415635512838716e-04
2.706334127764193435e-05 -1.060628093032142493e-04 6.591117616702637377e-04
2.730370606774984278e-05 -1.060321938984140795e-04 6.600819600073889841e-04
2.754354323492257784e-05 -1.059971165338948742e-04 6.610521375978082280e-04
2.778277715914584387e-05 -1.059568903885256454e-04 6.620222637184714973e-04
2.802151624090635465e-05 -1.059124041512746466e-04 6.629923266744356010e-04
2.825979336576371159e-05 -1.058639183574343280e-04 6.639623115663232343e-04
2.849761422151228673e-05 -1.058114640163394652e-04 6.649322019577560972e-04
2.873487874457602637e-05 -1.057541229836665627e-04 6.659019511838313449e-04
2.897164740683550564e-05 -1.056923741084200277e-04 6.668715515671815551e-04
2.920798046373163708e-05 -1.056267172449111769e-04 6.678410017258206224e-04
2.944389236290506856e-05 -1.055572563860393445e-04 6.688102893762305941e-04
2.967935524323174771e-05 -1.054837049714267002e-04 6.697793841941891702e-04
2.991431094424697271e-05 -1.054054634450545609e-04 6.707482342985003967e-04
3.014885317291305858e-05 -1.053233445658854889e-04 6.717168644497883805e-04
3.038301143042914041e-05 -1.052375880606778666e-04 6.726852722693200601e-04
3.061679239374672765e-05 -1.051482260038413504e-04 6.736534452351288990e-04
3.085011263956217856e-05 -1.050543880464023847e-04 6.746213051100147587e-04
3.108303191900342436e-05 -1.049565798572142493e-04 6.755888690280638896e-04
3.131560024291289007e-05 -1.048552431214292097e-04 6.765561544014057557e-04
3.154783064160213309e-05 -1.047504680784229708e-04 6.775231546177853427e-04
3.177969742109027493e-05 -1.046419361397630827e-04 6.784898274446475239e-04
3.201116835857903344e-05 -1.045292143207643165e-04 6.794561152820262698e-04
3.224231792894943018e-05 -1.044130137981269117e-04 6.804220685099728397e-04
3.247317049403535189e-05 -1.042935419480066800e-04 6.813876936576030233e-04
3.270373343540271781e-05 -1.041708307378976759e-04 6.823529817367333591e-04
3.293393903545746993e-05 -1.040440065177921877e-04 6.833178227213382305e-04
3.316385048503037045e-05 -1.039136891291669721e-04 6.842822688918272396e-04
3.339350437770380455e-05 -1.037802339784344862e-04 6.852463473780447643e-04
3.362291116630979938e-05 -1.036437051540348918e-04 6.862100542577567394e-04
3.385204665426939003e-05 -1.035037024144488320e-04 6.871733269047590291e-04
3.408090832196978930e-05 -1.033600450579165447e-04 6.881361263698692124e-04
3.430954839793010064e-05 -1.032133150585185020e-04 6.890985154222495530e-04
3.453798503086239011e-05 -1.030636754067789388e-04 6.900605047007162679e-04
3.476622522252275943e-05 -1.029111434554535483e-04 6.910220862745342953e-04
3.499422304307365220e-05 -1.027548368044795224e-04 6.919831184116669379e-04
3.522203920739818138e-05 -1.025955334406236126e-04 6.929437021085779920e-04
3.544969658825953293e-05 -1.024334823557961337e-04 6.939038637582112777e-04
3.567720322719743778e-05 -1.022687140643216056e-04 6.948635986147740605e-04
3.590454186437243712e-05 -1.021007117706789646e-04 6.958228121579216642e-04
3.613173267308325852e-05 -1.019296082430230251e-04 6.967815125671125015e-04
3.635880608199070017e-05 -1.017558363389004140e-04 6.977397609436407355e-04
3.658577443879917077e-05 -1.015795061276156323e-04 6.986975667712617272e-04
3.681263986893752477e-05 -1.014004541490290233e-04 6.996548918330085590e-04
3.703940116356755008e-05 -1.012182254907947838e-04 7.006116417246303213e-04
3.726608981799655153e-05 -1.010334136075998634e-04 7.015679135997671817e-04
3.749271987977148183e-05 -1.008461996540064654e-04 7.025237320182949746e-04
3.771929969102383773e-05 -1.006566127074245168e-04 7.034790945139464922e-04
3.794583216662733815e-05 -1.004640086292128286e-04 7.044338641876393865e-04
3.817233926456352480e-05 -1.002688530929347774e-04 7.053881219804144197e-04
3.839883453896699865e-05 -1.000714230417150597e-04 7.063419146577892653e-04
3.862532684828441686e-05 -9.987177278315209226e-05 7.072952457822653458e-04
3.885182932043942044e-05 -9.966956028967308005e-05 7.082480341287478685e-04
3.907835980759804390e-05 -9.946475475735230159e-05 7.092002618195492221e-04
3.930492707693663033e-05 -9.925776546146824683e-05 7.101520086388412971e-04
3.953153932439218470e-05 -9.904870594906780277e-05 7.111032921565045399e-04
3.975820910768178702e-05 -9.883749526986788513e-05 7.120540866175232089e-04
3.998496967479120239e-05 -9.862367913359749733e-05 7.130042766700039024e-04
4.021181882839157086e-05 -9.840777666922754261e-05 7.139539739802972657e-04
4.043876154369517833e-05 -9.818995123868866619e-05 7.149032097229558215e-04
4.066580653812365255e-05 -9.797022977701333316e-05 7.158519839186470654e-04
4.089300128811419705e-05 -9.774812110608943085e-05 7.168001660079960542e-04
4.112034355276601467e-05 -9.752396729191310668e-05 7.177478315354315734e-04
4.134783027964216719e-05 -9.729800886880737019e-05 7.186950337678839860e-04
4.157546863774616396e-05 -9.707029843292254326e-05 7.196417798996769880e-04
4.180329907402404290e-05 -9.684057329204818012e-05 7.205879928500178756e-04
4.203134700923074192e-05 -9.660881028653851659e-05 7.215336563059842820e-04
4.225959429624682697e-05 -9.637534190630506453e-05 7.224788521863066866e-04
4.248804323807071367e-05 -9.614026312053767121e-05 7.234236000989700301e-04
4.271671679745438861e-05 -9.590350671387220269e-05 7.243678745981621883e-04
4.294567879393975421e-05 -9.566473911372330664e-05 7.253115724903721334e-04
4.317485206697444888e-05 -9.542434832522258788e-05 7.262548070831602483e-04
4.340419331168327715e-05 -9.518244563249903944e-05 7.271976142234066846e-04
4.363367382006829185e-05 -9.493903795615009789e-05 7.281400000401154309e-04
4.386327558572521656e-05 -9.469368788658068736e-05 7.290818523062745152e-04
4.409293054020675602e-05 -9.444667567186442955e-05 7.300232571951516779e-04
4.432259586109244849e-05 -9.419817040812553945e-05 7.309642665586494649e-04
4.455224167871260871e-05 -9.394819623955767370e-05 7.319048915450294436e-04
4.478181744528153264e-05 -9.369648737504553257e-05 7.328450708330631370e-04
4.501126518982235836e-05 -9.344303020651108628e-05 7.337848115993115400e-04
4.524056126222259817e-05 -9.318807862760340028e-05 7.347241851499955630e-04
4.546967927511838694e-05 -9.293169341555008556e-05 7.356632118936693929e-04
4.569856999170600359e-05 -9.267377292808451730e-05 7.366018735285961676e-04
4.592712545556319048e-05 -9.241402303787198428e-05 7.375401122001710996e-04
4.615535949102236672e-05 -9.215277837211190365e-05 7.384780141786988911e-04
4.638325686510086463e-05 -9.189013464661604385e-05 7.394156072313647944e-04
4.661078868202104750e-05 -9.162609811624775849e-05 7.403528978240305099e-04
4.683777821353955442e-05 -9.136024333116143307e-05 7.412898056927833337e-04
4.706426039030010361e-05 -9.109286755005160138e-05 7.422264036087765186e-04
4.729024356383030800e-05 -9.082411541439991669e-05 7.431627281060328334e-04
4.751570214807362616e-05 -9.055400435766163892e-05 7.440987879928110879e-04
4.774048183984478451e-05 -9.028227082618304068e-05 7.450345414096149442e-04
4.796453000018501234e-05 -9.000893584163142545e-05 7.459700038270470658e-04
4.818790367542271833e-05 -8.973422352587480313e-05 7.469052241233266332e-04
4.841059309561650226e-05 -8.945818577060236150e-05 7.478402172968251146e-04
4.863250179525678617e-05 -8.918071525509921782e-05 7.487749719246698799e-04
4.885342681267603729e-05 -8.890156699561858227e-05 7.497094598932032596e-04
4.907349296817788478e-05 -8.862104146942247746e-05 7.506437381996039319e-04
4.929271431792965765e-05 -8.833922373953534445e-05 7.515778262038364833e-04
4.951106134467566435e-05 -8.805611981922677742e-05 7.525117300392985230e-04
4.972819205894776122e-05 -8.777133252364533464e-05 7.534454054168274358e-04
4.994425526855136133e-05 -8.748514875366523557e-05 7.543789015972924769e-04
5.015930573509745486e-05 -8.719769735141681786e-05 7.553122421514063024e-04
5.037331988891472135e-05 -8.690899292366860787e-05 7.562454341415178818e-04
5.058604113873095109e-05 -8.661879528552523621e-05 7.571784584483468375e-04
5.079741920173435525e-05 -8.632712450360145457e-05 7.581113286818552850e-04
5.100759120470728185e-05 -8.603418604520057702e-05 7.590440742797827968e-04
5.121656351715441993e-05 -8.574002787768449758e-05 7.599767055565280136e-04
5.142420467881490663e-05 -8.544456201556434002e-05 7.609092207162830752e-04
5.163019504242501948e-05 -8.514755049175329977e-05 7.618416108119384356e-04
5.183477546734348171e-05 -8.484927269522076116e-05 7.627739072874014682e-04
5.203799125436813525e-05 -8.454980885607050762e-05 7.637061219917763363e-04
5.223981169213294653e-05 -8.424916516563649724e-05 7.646382600576531394e-04
5.243975712946538235e-05 -8.394700185222677422e-05 7.655703105771474726e-04
5.263804176459227946e-05 -8.364354651229537804e-05 7.665022963345724007e-04
5.283478001412851940e-05 -8.333892721790769919e-05 7.674342301241098702e-04
5.302995580393440899e-05 -8.303316245456870742e-05 7.683661173220140105e-04
5.322325384202142659e-05 -8.272606638470139987e-05 7.692979579796976886e-04
5.341454981640628467e-05 -8.241760627611952527e-05 7.702297612402092021e-04
5.360408272887095805e-05 -8.210798478421649953e-05 7.711615397427754558e-04
5.379188423507791985e-05 -8.179725303964215338e-05 7.720932992256487708e-04
5.397784945956919520e-05 -8.148537389396306888e-05 7.730250436155708914e-04
5.416143424033604344e-05 -8.117206397318146285e-05 7.739567797574306227e-04
5.434302695232240442e-05 -8.085759751807060055e-05 7.748885169661973334e-04
5.452271743782396339e-05 -8.054205709348505272e-05 7.758202598729768522e-04
5.470047349604492535e-05 -8.022544958131907090e-05 7.767520118383192985e-04
5.487576151750554049e-05 -7.990752543230701741e-05 7.776837827568206657e-04
5.504871456309609070e-05 -7.958839873561133961e-05 7.786155790894112687e-04
5.521955018516847555e-05 -7.926821311979075026e-05 7.795474028622815209e-04
5.538827826030393058e-05 -7.894699833717853683e-05 7.804792564256794567e-04
5.555462918941948196e-05 -7.862465350264838306e-05 7.814111470173957380e-04
5.571822186779399114e-05 -7.830104314090539333e-05 7.823430870919742715e-04
5.587945192966985278e-05 -7.797638201703936721e-05 7.832750737341168459e-04
5.603839960666283799e-05 -7.765073125856085585e-05 7.842071071446376530e-04
5.619503174809035577e-05 -7.732409855603928619e-05 7.851391889478554278e-04
5.634858257116824354e-05 -7.699620306703861374e-05 7.860713395909778994e-04
5.649946841149105456e-05 -7.666725080683031756e-05 7.870035534902472193e-04
5.664787715680121515e-05 -7.633734283665428641e-05 7.879358273337943794e-04
5.679379367085293258e-05 -7.600649477197858606e-05 7.888681614209190271e-04
5.693677872404452893e-05 -7.567457172556669076e-05 7.898005673354119467e-04
5.707662445755624833e-05 -7.534153616456362983e-05 7.907330526067245929e-04
5.721373057053760129e-05 -7.500755824723356403e-05 7.916656079579261797e-04
5.734816661249613905e-05 -7.467268425128112993e-05 7.925982306850802399e-04
5.747987587631438492e-05 -7.433691570870645381e-05 7.935309208257895069e-04
5.760792753774701333e-05 -7.399998899625809257e-05 7.944637019745974006e-04
5.773296347465832040e-05 -7.366213791891191437e-05 7.953965585268773890e-04
5.785515077344456576e-05 -7.332343718679994811e-05 7.963294844266846639e-04
5.797445556620799855e-05 -7.298389615166260449e-05 7.972624779321933579e-04
5.809027826599390037e-05 -7.264337041685383549e-05 7.981955509126447378e-04
5.820256955261741966e-05 -7.230188019148223828e-05 7.991287031444346822e-04
5.831173823900932980e-05 -7.195956266197535466e-05 8.000619230629688571e-04
5.841784571214929102e-05 -7.161645451618704359e-05 8.009952057024412840e-04
5.852074397027742141e-05 -7.127253820809356199e-05 8.019285501351999107e-04
5.861953915872964777e-05 -7.092762627996363313e-05 8.028619698208856910e-04
5.871492004427709277e-05 -7.058191356302861898e-05 8.037954490961148404e-04
5.880706164597036633e-05 -7.023546281005049068e-05 8.047289800939662688e-04
5.889593049248315835e-05 -6.988828481043420798e-05 8.056625581876952422e-04
5.898077869645843724e-05 -6.954024325847231360e-05 8.065961882433307813e-04
5.906169581707746140e-05 -6.919138858567295246e-05 8.075298640283245545e-04
5.913910721698555171e-05 -6.884183242416803473e-05 8.084635749697303975e-04
5.921306975813563918e-05 -6.849160537741077657e-05 8.093973140571482372e-04
5.928335171782742399e-05 -6.814068309499472114e-05 8.103310762403431039e-04
5.934908431275459677e-05 -6.778893639238237079e-05 8.112648588582556906e-04
5.941100875995957245e-05 -6.743652541922468533e-05 8.121986521183858533e-04
5.946931088970463483e-05 -6.708350316356174081e-05 8.131324476525884394e-04
5.952395877019091763e-05 -6.672988200348843775e-05 8.140662375660224180e-04
5.957498624995173815e-05 -6.637521544999559981e-05 8.149998357934147911e-04
5.962104826390357917e-05 -6.602012622626068038e-05 8.159335304490492914e-04
5.966318242340821505e-05 -6.566449340166677297e-05 8.168672048925822680e-04
5.970166510307232455e-05 -6.530826396393120360e-05 8.178008095154343238e-04
5.973615012292939931e-05 -6.495141556055841249e-05 8.187343337134841449e-04
5.976581346649676699e-05 -6.459387696297022889e-05 8.196677587997375052e-04
5.979142199368101733e-05 -6.423578029647720956e-05 8.206010908453826615e-04
5.981315635310906708e-05 -6.387717948103440325e-05 8.215343275551757578e-04
5.983098461564163173e-05 -6.351810311114700514e-05 8.224674641835964112e-04
5.984393612525697902e-05 -6.315850487184186408e-05 8.234004794017190168e-04
5.985261050766474921e-05 -6.279851223741500510e-05 8.243333928551425244e-04
5.985751912640620233e-05 -6.243822626485559394e-05 8.252662207357389958e-04
5.985877607812352034e-05 -6.207770332621414503e-05 8.261989691593445671e-04
5.985604718444817961e-05 -6.171697694892883546e-05 8.271316355190237377e-04
5.984899308207784150e-05 -6.135610422449680381e-05 8.280642223607477537e-04
5.983837312146060697e-05 -6.099517759053409014e-05 8.289967551808516931e-04
5.982442007604763857e-05 -6.063425196540154187e-05 8.299292445074516952e-04
5.980719484379724328e-05 -6.027337082364386296e-05 8.308616963789297941e-04
5.978588158882241495e-05 -5.991260945871121189e-05 8.317941095012416908e-04
5.981363225417644767e-05 -5.952875880876342621e-05 8.327167058729558445e-04
5.980191142815016828e-05 -5.916125813464486279e-05 8.336462770446939965e-04
5.978453694928598038e-05 -5.879511361279813329e-05 8.345766671459292803e-04
5.977354565027694056e-05 -5.842491892574037986e-05 8.355055517334521696e-04
5.976838879729085176e-05 -5.805103779684039542e-05 8.364330101808229063e-04
5.976874719616212181e-05 -5.767387345105752934e-05 8.373591531279710003e-04
5.978213154627215047e-05 -5.731411046925312353e-05 8.382920404852705482e-04
5.979267359332814179e-05 -5.693730000872095076e-05 8.392182095841300808e-04
5.980382154528291708e-05 -5.655703645419028704e-05 8.401430200926179002e-04
5.981654079529968670e-05 -5.617839536318657603e-05 8.410684758562493070e-04
5.982939560254660398e-05 -5.580201086530377935e-05 8.419948497317892612e-04
5.984075798501981898e-05 -5.542851785203620094e-05 8.429224121369320762e-04
5.984859582575024280e-05 -5.505867874546241614e-05 8.438514726198317883e-04
5.985156443544361525e-05 -5.469300682511018559e-05 8.447822084418177106e-04
5.984839401493894192e-05 -5.433191083386014974e-05 8.457147272661912941e-04
5.985879778029820495e-05 -5.394919973833749751e-05 8.466384628697041885e-04
5.984566601795608437e-05 -5.359043606260924621e-05 8.475716537679907868e-04
5.982470150455120706e-05 -5.323467685377443649e-05 8.485059949150126207e-04
5.979918718576012523e-05 -5.287711475613532830e-05 8.494395340526267844e-04
5.984185782176676367e-05 -5.257987525810517540e-05 8.503926409413526712e-04
5.981997080468329665e-05 -5.223538721631816324e-05 8.513304295197877611e-04
5.979196085967237632e-05 -5.189243339650492667e-05 8.522693524818203241e-04
5.976816088941946394e-05 -5.156181640254784299e-05 8.532128060424904598e-04
5.974697810856128096e-05 -5.124401399917120632e-05 8.541607152687063186e-04
5.972679350650567825e-05 -5.093918387221086806e-05 8.551128975150439418e-04
5.970587206897044763e-05 -5.064739121888578292e-05 8.560691400055194314e-04
5.968265193979749821e-05 -5.036804694768528493e-05 8.570290410681445821e-04
5.965566518214410457e-05 -5.009996285082642239e-05 8.579920509003526388e-04
5.969683168333671399e-05 -4.982684865786350708e-05 8.589528493689068712e-04
5.969309977962129147e-05 -4.953109493492608106e-05 8.599078912057160282e-04
5.967425402164057343e-05 -4.927231137101601897e-05 8.608735348305273684e-04
5.967159705160805544e-05 -4.901784637596509701e-05 8.618405957486817252e-04
5.967435967933413913e-05 -4.874202790683245255e-05 8.628017724767737991e-04
5.968534784274634849e-05 -4.845208187947049869e-05 8.637587403895760976e-04
5.970283293576657507e-05 -4.814900677769166470e-05 8.647115362669637734e-04
5.972398562170103294e-05 -4.783232013365830334e-05 8.656598207473276997e-04
5.974585480194126436e-05 -4.750206259613301622e-05 8.666034489280497605e-04
5.976553082429456227e-05 -4.715883142822205809e-05 8.675424848985477562e-04
5.987530904466930275e-05 -4.695020494294843146e-05 8.685127798572869241e-04
5.984089418352510592e-05 -4.664218473232457592e-05 8.694610745608143121e-04
5.984034475839648961e-05 -4.631138028574888606e-05 8.704045672625160095e-04
5.984185264858462954e-05 -4.599744015427257438e-05 8.713539805682338733e-04
5.984025413244504419e-05 -4.568539591701226930e-05 8.723040463322652427e-04
5.982690580714089562e-05 -4.540642883419167985e-05 8.732641527094994575e-04
5.981233498204056946e-05 -4.509979386929135927e-05 8.742157753178414134e-04
5.987600128704469025e-05 -4.479260907957993124e-05 8.751647685851051718e-04
5.983833819402654053e-05 -4.455563656274807939e-05 8.761337929664375981e-04
5.980527278343825387e-05 -4.429967432935435616e-05 8.770997334806838498e-04
5.978241640773571705e-05 -4.403240107861409498e-05 8.780630775575165060e-04
5.976463107542383718e-05 -4.375867121558007556e-05 8.790247141339342304e-04
5.975089486978584570e-05 -4.347854862675502792e-05 8.799845752133135003e-04
5.974015791585405243e-05 -4.319250227401226738e-05 8.809427269585818829e-04
5.973171739571945019e-05 -4.290217560070139604e-05 8.818996154173631280e-04
5.973356110674934663e-05 -4.261899123334409400e-05 8.828586535645226337e-04
5.972910375613109792e-05 -4.232569951511662665e-05 8.838146245566352692e-04
5.971349668739730891e-05 -4.200883553547976102e-05 8.847628803987581114e-04
5.970098735760440926e-05 -4.170340370746365520e-05 8.857149406049859459e-04
5.975972445346863820e-05 -4.149185742763607324e-05 8.866881565134949322e-04
5.971117147778863841e-05 -4.118132624899824637e-05 8.876300491610675074e-04
5.966848955777554912e-05 -4.085302608102711191e-05 8.885726147966929549e-04
5.963162297363335142e-05 -4.059437609289911082e-05 8.895370604911187647e-04
5.959522164753173698e-05 -4.034510097743329105e-05 8.905047408266511880e-04
5.963442522263698710e-05 -4.004236983672642981e-05 8.914552387449103249e-04
5.957133452467419958e-05 -3.978958503292620520e-05 8.924149494591842452e-04
5.949861300983807973e-05 -3.955681585198926381e-05 8.933839722395256304e-04
5.945235587420695387e-05 -3.931638879317737515e-05 8.943535363629675702e-04
5.940685914253790803e-05 -3.907457238397788737e-05 8.953227908144499939e-04
5.936278096486754152e-05 -3.883067094805176894e-05 8.962915876186165406e-04
5.932086179540683443e-05 -3.858441327961310938e-05 8.972598837357504548e-04
5.928193796375209542e-05 -3.833611446412713496e-05 8.982277832157849022e-04
5.924715519078310684e-05 -3.808740562121982933e-05 8.991957343172495704e-04
5.921709236408161916e-05 -3.783887072305904258e-05 9.001638879649527004e-04
5.927474204602465842e-05 -3.751572100593052634e-05 9.011047694151364321e-04
5.929525794451977536e-05 -3.724739292289467826e-05 9.020645151304610213e-04
5.930602448596273424e-05 -3.698373042363180399e-05 9.030287423121962503e-04
5.933851038458179969e-05 -3.675566409500177133e-05 9.040013687405864390e-04
5.940140956056776122e-05 -3.650533270468525067e-05 9.049671195730433181e-04
5.939094804488200463e-05 -3.610444963508816006e-05 9.058795113505904023e-04
5.945678547227825151e-05 -3.579782880765203549e-05 9.068265383203322205e-04
5.953692203543605973e-05 -3.550345596784409107e-05 9.077788574090128564e-04
5.947875843800702768e-05 -3.524901541011642105e-05 9.087436147054042505e-04
5.950188301629988238e-05 -3.495781550501402679e-05 9.096999125016796105e-04
5.948677347829475217e-05 -3.467936965944968863e-05 9.106601109506152168e-04
5.943402951203494687e-05 -3.441968121294265975e-05 9.116241910125067946e-04
5.934602077179975738e-05 -3.418289498027476492e-05 9.125915799510519490e-04
5.922660966694968135e-05 -3.397084237868780882e-05 9.135613467460114781e-04
5.908141216635094792e-05 -3.378524054765197007e-05 9.145330394683911547e-04
5.891728330621088009e-05 -3.362799366861381011e-05 9.155067310924009868e-04
5.874097719848038137e-05 -3.349861622850490000e-05 9.164824306431575661e-04
