# first line: diameter, stdev on diameter, fiber length; other lines: x, y, z coordinates
1.599999999999999928e-05 7.209949552056098106e-07 5.579128834393654252e-04
1.085563319798378345e-04 5.351110948145869035e-07 3.327502474132632004e-07
1.081806435003728042e-04 7.346887343765856965e-07 1.237751210492969017e-06
1.078066520962723022e-04 9.374271779866763084e-07 2.142752517054428291e-06
1.074343650072148032e-04 1.143314858482268193e-06 3.047745555050367788e-06
1.070643865758300392e-04 1.353421199627622999e-06 3.952715689850474362e-06
1.066962684863355501e-04 1.566887424660301884e-06 4.857658245433459088e-06
1.063298841471795329e-04 1.783458093827262643e-06 5.762566791535014832e-06
1.059652386657870365e-04 2.003118107052237443e-06 6.667433062177395564e-06
1.056026971842983939e-04 2.226480219727034759e-06 7.572238441458812447e-06
1.052422999659547104e-04 2.453571723065086988e-06 8.476972116894243570e-06
1.048836741891273958e-04 2.683714371829878798e-06 9.381638758601280187e-06
1.045268209398050353e-04 2.916886475637944280e-06 1.028623057171794419e-05
1.041718587596286775e-04 3.153264109683254558e-06 1.119073444784358592e-05
1.038805746707783997e-04 3.410417930002293789e-06 1.211212130685377156e-05
1.035359457157578793e-04 3.655628685501269406e-06 1.301826476321965229e-05
1.032049038522061027e-04 3.907111943833310224e-06 1.392775173531240335e-05
1.028870914620435385e-04 4.164706095011503446e-06 1.484024193785377088e-05
1.025822973844795106e-04 4.429117378792249202e-06 1.575521973873166004e-05
1.022887339759041505e-04 4.699138858352837255e-06 1.667222890464493262e-05
1.020045986195040042e-04 4.974058971638323055e-06 1.759075119502117104e-05
1.017279500437489085e-04 5.253361453813275510e-06 1.851023647682923171e-05
1.014569912867536224e-04 5.537034015997355808e-06 1.943007867687574636e-05
1.011893895568038711e-04 5.824433622129102088e-06 2.034974724447660005e-05
1.009223788669012513e-04 6.114351097779871933e-06 2.126879707373954473e-05
1.006536548809243507e-04 6.406200844471769249e-06 2.218673478510515065e-05
1.003812299961482659e-04 6.699675088965204041e-06 2.310306143647397614e-05
1.001035859820100806e-04 6.994851154438800536e-06 2.401727088995660869e-05
9.981845078521010264e-05 7.290362434253726605e-06 2.492906157646260223e-05
9.952453518351290812e-05 7.585823149298551456e-06 2.583807498027484301e-05
9.923342300635283576e-05 7.878570771527102889e-06 2.674834230469418789e-05
9.900315066664640957e-05 8.157476405616430023e-06 2.767997279357710047e-05
9.869488504402428833e-05 8.452198284327252308e-06 2.858438891608283336e-05
9.841264009479401488e-05 8.752321025984937929e-06 2.949554697971460207e-05
9.811884195738922296e-05 9.039354882361361020e-06 3.040729043827768499e-05
9.783664460379581321e-05 9.326152772913423342e-06 3.132276650590721731e-05
9.756508737740125878e-05 9.613195061651482162e-06 3.224138082992067736e-05
9.730268711920381783e-05 9.900758053214933255e-06 3.316249187885382879e-05
9.704808773769342263e-05 1.018971030834755599e-05 3.408535690590901168e-05
9.679994763766125953e-05 1.048124537598997365e-05 3.500916893449520714e-05
9.655688877019009552e-05 1.077669970810779583e-05 3.593308794145721324e-05
9.631654518863358167e-05 1.107621525115571799e-05 3.685640936800481382e-05
9.607711156601275737e-05 1.138065561415206134e-05 3.777835491171593202e-05
9.583692540340601302e-05 1.169093208635627040e-05 3.869815491757419915e-05
9.559494037364380176e-05 1.200848601752456484e-05 3.961499440721747561e-05
9.534899670791849259e-05 1.233302493777430548e-05 4.052832669460123757e-05
9.509772739518539987e-05 1.266484484275970479e-05 4.143758290575238340e-05
9.484066952963588176e-05 1.300378112947807001e-05 4.234259126366509904e-05
9.457311075795147974e-05 1.334591322879376951e-05 4.324297855462120796e-05
9.424275544029137356e-05 1.368687223695728176e-05 4.412263397421574418e-05
9.398010368141428898e-05 1.407579675703407102e-05 4.500550764904116471e-05
9.366935755274492640e-05 1.443778226498748975e-05 4.588436334799529670e-05
9.334904487388969612e-05 1.480855850233284287e-05 4.675609423011482454e-05
9.302115623426824177e-05 1.518775419576035400e-05 4.762136587833616999e-05
9.268717578910617408e-05 1.557392634732924599e-05 4.848120709360047298e-05
9.234925737528230710e-05 1.596626443545476413e-05 4.933670809898014348e-05
9.200983074511968787e-05 1.636389545329830177e-05 5.018916265301211557e-05
9.167219258856716332e-05 1.676667706569103409e-05 5.103990716542406228e-05
9.133798698584619778e-05 1.717268523938351646e-05 5.189047318789790156e-05
9.100959680827556486e-05 1.758087057484565300e-05 5.274226008150379591e-05
9.068936290460377311e-05 1.799021044572158464e-05 5.359659168951459718e-05
9.038007933236989560e-05 1.840031734114114104e-05 5.445457644702965394e-05
9.008350530228610893e-05 1.880987209594596067e-05 5.531729405064021374e-05
8.980116508641392957e-05 1.921762508659629020e-05 5.618561673080167337e-05
8.951352910661408084e-05 1.961235148673328492e-05 5.705820027901778446e-05
8.922408204432802175e-05 2.003477647218344045e-05 5.791697601810604987e-05
8.889385485998239401e-05 2.045181040062102088e-05 5.876346164741851411e-05
8.861338270638153235e-05 2.085495063014714155e-05 5.963384856973045003e-05
8.833937053322609984e-05 2.125639667297084893e-05 6.050776173320603427e-05
8.805332629815501859e-05 2.165938186527869360e-05 6.137710361359995093e-05
8.773585422663114826e-05 2.205348983103514585e-05 6.223944958777495248e-05
8.742159292372955271e-05 2.245433287052011413e-05 6.309998142311340485e-05
8.710279872033458923e-05 2.285657546429531865e-05 6.395821063771714790e-05
8.677764037772709577e-05 2.325785310203507060e-05 6.481450665779498951e-05
8.645029806181133065e-05 2.365915540242717163e-05 6.566996158419461868e-05
8.612398287812138222e-05 2.406038351936268436e-05 6.652584359712271703e-05
8.580217582872095704e-05 2.446175027293128834e-05 6.738336396311557508e-05
8.548849640191962939e-05 2.486372742188276154e-05 6.824360192750518472e-05
8.518689726244220927e-05 2.526731498662057810e-05 6.910739290000647572e-05
8.490045998848067238e-05 2.567290574857013404e-05 6.997539150272683722e-05
8.463153148796069439e-05 2.608055206240957491e-05 7.084801275284054178e-05
8.438224408424079470e-05 2.649057365454339497e-05 7.172533750854359624e-05
8.406756224498625240e-05 2.688560855911364212e-05 7.258810922469239105e-05
8.383930881499424177e-05 2.730284323500188799e-05 7.346710441367585928e-05
8.362801664337808833e-05 2.771954338373914788e-05 7.435124884449129806e-05
8.341985811950519084e-05 2.813706313111783130e-05 7.523575236517959092e-05
8.321444171267897269e-05 2.855588916519835227e-05 7.612027939733756465e-05
8.297679549099398570e-05 2.894372058920501544e-05 7.701072276413648693e-05
8.276767715828413287e-05 2.935699976933698422e-05 7.789687604104486920e-05
8.256046425005637574e-05 2.977124987782612655e-05 7.878313718885730094e-05
8.235227690908032846e-05 3.018395836604267874e-05 7.966988936981486691e-05
8.214469899207786044e-05 3.059669830290037701e-05 8.055676990440571034e-05
8.193840612791269962e-05 3.101025213298174571e-05 8.144357101001493265e-05
8.173415598930810013e-05 3.142549517732907722e-05 8.233005519256951510e-05
8.153298187384639339e-05 3.184353491308108058e-05 8.321592736445278943e-05
8.133637176187346436e-05 3.226581482382590835e-05 8.410081094571177085e-05
8.114554174038429235e-05 3.269350756527241158e-05 8.498435750910323869e-05
8.098477533748474919e-05 3.310864973014335342e-05 8.587968704385547797e-05
8.081306317823238065e-05 3.354446511505650494e-05 8.676309846943498078e-05
8.062129822229592427e-05 3.399637927111966222e-05 8.763425083699533449e-05
8.050381662516466446e-05 3.445216714172456845e-05 8.851592825701330366e-05
8.038137069745981771e-05 3.491124488244677046e-05 8.939580666234665449e-05
8.024743547668377209e-05 3.534837413330255287e-05 9.028510837661091540e-05
8.013524109296993336e-05 3.581019712055120958e-05 9.116480224841041341e-05
8.003381262680009042e-05 3.627986145459773576e-05 9.204179622457862864e-05
7.993850583662260819e-05 3.675222097611389554e-05 9.291803113098276792e-05
7.984788089920958416e-05 3.722711887024409349e-05 9.379339131649830352e-05
7.976071962538816443e-05 3.770454222791229300e-05 9.466772955872863535e-05
7.967642772473661141e-05 3.818480864421702964e-05 9.554079115109415099e-05
7.959391602428101341e-05 3.866790574502060530e-05 9.641246038641663671e-05
7.951155225457982639e-05 3.915348121459250914e-05 9.728276583319392032e-05
7.942822097597320948e-05 3.964141225142288810e-05 9.815166048370840488e-05
7.934327072248291304e-05 4.013174773326031109e-05 9.901904328253217577e-05
7.925674608623986886e-05 4.062480074377243906e-05 9.988472812775964563e-05
7.919085044010424940e-05 4.111276114809864603e-05 1.007550390456119112e-04
7.910514563132883695e-05 4.160789202887046407e-05 1.016195252548355611e-04
7.901716782667198556e-05 4.211343636608003767e-05 1.024778148116336531e-04
7.899271893129743421e-05 4.263881061175018276e-05 1.033277251790282181e-04
7.894289059496374704e-05 4.315098482826427968e-05 1.041848558217075595e-04
7.889352572841546417e-05 4.366506703016413698e-05 1.050411490855639347e-04
7.885687728606777074e-05 4.418680664070812687e-05 1.058934436880243878e-04
7.883206803231928694e-05 4.471580623080259977e-05 1.067416820604337804e-04
7.881761299395469665e-05 4.525137045308449957e-05 1.075860362583754351e-04
7.881104525055052763e-05 4.579239028839465894e-05 1.084270104000448903e-04
7.881019784427117079e-05 4.633786628595468681e-05 1.092651302809044371e-04
7.881315846377142103e-05 4.688687234535624079e-05 1.101009401856208915e-04
7.881890058511335003e-05 4.743876507842645005e-05 1.109348333188111234e-04
7.882483018760404875e-05 4.799228833021163904e-05 1.117676455903186469e-04
7.882871177454259682e-05 4.854628697146242745e-05 1.126001531987991591e-04
7.882889611105313020e-05 4.909978288012911761e-05 1.134330025112919790e-04
7.882474172555619470e-05 4.965211212603440089e-05 1.142666151830451504e-04
7.881509034957060876e-05 5.020239473884546339e-05 1.151015315740138052e-04
7.879855913238477416e-05 5.074965555648302455e-05 1.159383207769513341e-04
7.877213982052094906e-05 5.129600881198905296e-05 1.167754407848417379e-04
7.878249123951308944e-05 5.183511857478030550e-05 1.176170071341292069e-04
7.879848831022930164e-05 5.236571516719809686e-05 1.184643546347876643e-04
7.877487338158320267e-05 5.290899247599669287e-05 1.193031624969359029e-04
7.875514503531219775e-05 5.344626483355675308e-05 1.201460732242701918e-04
7.875109538086761112e-05 5.397387157943961557e-05 1.209955479766679914e-04
7.875350962919413405e-05 5.450062252584192098e-05 1.218455575599576048e-04
7.876217898036224458e-05 5.502688126217723059e-05 1.226958333739791226e-04
7.877640846465208191e-05 5.555296988151550616e-05 1.235461402645881245e-04
7.879598703861215975e-05 5.607944764122635596e-05 1.243961000252937453e-04
7.882127576613034558e-05 5.660708807660501873e-05 1.252451865427477856e-04
7.885273744329731466e-05 5.713669913751205366e-05 1.260928376233664584e-04
7.888951872725018287e-05 5.766871191842178773e-05 1.269387706403020573e-04
7.893106671038364354e-05 5.820360835109032662e-05 1.277826617256090994e-04
7.897722649081287990e-05 5.874191324778370988e-05 1.286241420154978117e-04
7.902919512784737038e-05 5.928438741724365480e-05 1.294625972218296089e-04
7.908625291840827077e-05 5.983119216244134483e-05 1.302979050497271411e-04
7.915170762703112382e-05 6.037771881332033006e-05 1.311327729239279358e-04
7.921784276650761943e-05 6.092404268361970173e-05 1.319677309129605597e-04
7.931498683473941981e-05 6.146080412337232447e-05 1.328056183987889362e-04
7.938639425559406175e-05 6.201696572872239749e-05 1.336331819956869393e-04
7.947087661848884106e-05 6.257273001510076126e-05 1.344600521345279062e-04
7.956956670942646657e-05 6.312505534268962181e-05 1.352878132060133728e-04
7.967475010884226476e-05 6.367702122053582017e-05 1.361150145535081589e-04
7.978771007955887313e-05 6.422920714170535683e-05 1.369410395572856314e-04
7.990731853667795682e-05 6.478178492283505048e-05 1.377658693760119152e-04
8.003269278360020339e-05 6.533501139208390139e-05 1.385894075965725392e-04
8.016349437167518690e-05 6.588926166436959370e-05 1.394114120842919122e-04
8.030019590580896364e-05 6.644503499601477168e-05 1.402314244070995176e-04
8.044294045632730244e-05 6.700274633018067367e-05 1.410490876715231150e-04
8.059061954659386333e-05 6.756258972397062622e-05 1.418644160661609172e-04
8.074269148679487362e-05 6.812480590974898348e-05 1.426773005447430805e-04
8.089896882372719987e-05 6.868963108464959139e-05 1.434875745240935321e-04
8.106105780397048800e-05 6.925745619082101742e-05 1.442945998808031240e-04
8.122777665079199095e-05 6.982823159696934098e-05 1.450985986353294302e-04
8.140160967411475706e-05 7.039801665672283453e-05 1.459017880803270550e-04
8.157827115975828641e-05 7.097218404497293055e-05 1.467012310519054223e-04
8.175979839058811248e-05 7.154952807109491071e-05 1.474972914572102688e-04
8.194744725908308840e-05 7.212871123773927453e-05 1.482905919414603986e-04
8.214048611572415429e-05 7.270947744814652760e-05 1.490814396401954692e-04
8.233879215679299824e-05 7.329160184152283953e-05 1.498699821146430404e-04
8.254279685186510177e-05 7.387487951549399478e-05 1.506562146078313860e-04
8.275415235412505782e-05 7.445916343819338520e-05 1.514397499986952673e-04
8.297193220657300445e-05 7.504409388219191899e-05 1.522210443124926045e-04
8.319579444812736572e-05 7.562935587528604449e-05 1.530003685371473382e-04
8.342593806197436590e-05 7.621467858743388344e-05 1.537778150065270168e-04
8.366413993423911337e-05 7.679933632087446464e-05 1.545533278830843807e-04
8.390991649208441225e-05 7.738387404247571235e-05 1.553265669497023646e-04
8.416266970212299273e-05 7.796778460502781988e-05 1.560980296475655664e-04
8.442240344490339302e-05 7.855067556602836928e-05 1.568679430216162948e-04
8.469008951120591936e-05 7.913241705594881788e-05 1.576359971574015084e-04
8.498028004353830203e-05 7.967689261446017092e-05 1.584225189538040514e-04
8.526585844837028180e-05 8.024604097709051259e-05 1.591931280654113219e-04
8.555879473779359669e-05 8.081571102567596356e-05 1.599609599111577289e-04
8.586300789373591826e-05 8.137473779805295526e-05 1.607322631279241992e-04
8.617830700832875338e-05 8.192544432302101569e-05 1.615050963898671636e-04
8.650298236472490519e-05 8.246878079524703087e-05 1.622792715771730586e-04
8.683588538953487259e-05 8.300597467773100364e-05 1.630542421812960011e-04
8.717636938090155105e-05 8.353847545101881838e-05 1.638291612355881333e-04
8.752564561959501669e-05 8.406788100414189278e-05 1.646022828296562004e-04
8.788174199824953944e-05 8.459595513019209942e-05 1.653732077119452089e-04
8.824324027996395059e-05 8.512449180221202602e-05 1.661412967255766933e-04
8.860942380670914619e-05 8.565525260799539944e-05 1.669056226457931759e-04
8.898115084754865242e-05 8.618990410177211029e-05 1.676645359687672920e-04
8.935705513340321915e-05 8.673000404369294333e-05 1.684175113190254473e-04
8.973579429917853461e-05 8.727690261596132584e-05 1.691641296416705222e-04
9.011675537773111168e-05 8.783168931534736227e-05 1.699037621707517529e-04
9.050079977268274975e-05 8.839516563959476944e-05 1.706351798556717328e-04
9.088722810168773790e-05 8.896783839551923221e-05 1.713581510179394002e-04
9.127505700432775424e-05 8.954988200711460787e-05 1.720728418005655624e-04
9.166404213246333906e-05 9.014113637302501763e-05 1.727792968472456440e-04
9.205532482413414169e-05 9.074113799678080886e-05 1.734770534912639418e-04
9.244894183790208178e-05 9.134914085373732010e-05 1.741665260661380381e-04
9.284442773477265753e-05 9.196413296339993630e-05 1.748486964255669719e-04
9.324200237496296437e-05 9.258488341141871743e-05 1.755244099593124101e-04
9.364310892074863887e-05 9.321000928436090182e-05 1.761939750263520274e-04
9.404839134800056007e-05 9.383800152012196480e-05 1.768583261375755028e-04
9.445774666140702646e-05 9.446725222834048360e-05 1.775189821073444411e-04
9.487161780221760766e-05 9.509612150690241179e-05 1.781771831342250818e-04
9.529143113038426123e-05 9.572301075551445815e-05 1.788335035922536051e-04
9.571805474447507393e-05 9.634638080058106576e-05 1.794887814319293638e-04
9.615119942081588780e-05 9.696529888028216780e-05 1.801440016848099811e-04
9.659126877517576482e-05 9.757773699755071996e-05 1.808006880188650287e-04
9.703919275032311194e-05 9.818273769175866095e-05 1.814589531711945439e-04
9.749562461157585454e-05 9.877965303482201607e-05 1.821187504408121327e-04
9.795998190998280819e-05 9.936785724115239783e-05 1.827808373375977048e-04
9.841653339586908680e-05 9.998381402137128642e-05 1.834223853681800007e-04
9.888641682609714510e-05 1.005784413242121584e-04 1.840742597446222949e-04
9.936675942852986505e-05 1.011602528821355475e-04 1.847305810398643632e-04
9.985126492025878846e-05 1.017423747291974767e-04 1.853835617105022322e-04
1.003395407985607616e-04 1.023247967349083320e-04 1.860334589677903674e-04
1.008316535332632973e-04 1.029075398332287330e-04 1.866801662990958538e-04
1.013285959760886054e-04 1.034907276728394652e-04 1.873227630394954865e-04
1.018296230693717489e-04 1.040743246936162659e-04 1.879618104452646619e-04
1.023342776086500296e-04 1.046583091268306462e-04 1.885976415364324678e-04
1.028425405493275913e-04 1.052426959081080013e-04 1.892302204242316856e-04
1.033552400629589887e-04 1.058276157351919746e-04 1.898587101857402912e-04
1.038720387673903778e-04 1.064130675284626656e-04 1.904833377273989700e-04
1.043924321309166748e-04 1.069990161095325413e-04 1.911045061034110162e-04
1.049163138901916943e-04 1.075854686663704361e-04 1.917222571879324822e-04
1.054440425980818701e-04 1.081725074500744131e-04 1.923361637897413011e-04
1.059759650034232945e-04 1.087602327534171077e-04 1.929457782440763096e-04
1.064959240393727175e-04 1.093648490222054101e-04 1.935490139401887383e-04
1.070271914061848780e-04 1.099618661493706370e-04 1.941499616885337259e-04
1.075644338457976005e-04 1.105568963914558710e-04 1.947477078275573065e-04
1.081017401813375142e-04 1.111569920089147012e-04 1.953403087141237192e-04
1.086391303143244773e-04 1.117617936826549200e-04 1.959280315697630240e-04
1.091766893408867268e-04 1.123706825415755959e-04 1.965113649160764309e-04
1.097149810017378240e-04 1.129829316994816681e-04 1.970904912471697044e-04
1.102547577208482291e-04 1.135976988151174975e-04 1.976655543218519551e-04
1.107977993983681422e-04 1.142139918708469295e-04 1.982358876096205168e-04
1.113444877720750194e-04 1.148307326718716692e-04 1.988022421104238165e-04
1.118953577262409618e-04 1.154468825735508689e-04 1.993651764567831719e-04
1.124512860870325882e-04 1.160614272701037503e-04 1.999248816300174501e-04
1.130131095977079269e-04 1.166733729573478384e-04 2.004815373119655034e-04
1.135826152939482629e-04 1.172814347087893552e-04 2.010346225208327342e-04
1.141599400662373129e-04 1.178847950746462418e-04 2.015847444963867266e-04
1.147452283778322297e-04 1.184827547502614295e-04 2.021323398005026722e-04
1.153388828028285460e-04 1.190746472303762059e-04 2.026775130028893659e-04
1.159411668295620533e-04 1.196599391835104903e-04 2.032203402079686173e-04
1.165531852780681904e-04 1.202376788865284899e-04 2.037603536737533569e-04
1.171744793177921219e-04 1.208077777374784201e-04 2.042978962180407379e-04
1.178044044656558045e-04 1.213703930421699217e-04 2.048332756018570594e-04
1.184425890850326007e-04 1.219256607088814275e-04 2.053665415955190955e-04
1.190885967577146233e-04 1.224738470260676980e-04 2.058977126021010497e-04
1.197429178165978624e-04 1.230145350940950488e-04 2.064263819863284243e-04
1.204045534067301311e-04 1.235484724591400245e-04 2.069528136374289631e-04
1.210723410420062765e-04 1.240766496942551913e-04 2.074772886767723389e-04
1.217455201202375498e-04 1.245998274994137222e-04 2.079998818835678519e-04
1.224234304401131351e-04 1.251187190903505148e-04 2.085206318124099151e-04
1.231065904582196683e-04 1.256328733586664799e-04 2.090392111950504367e-04
1.237936530818275756e-04 1.261437851143080947e-04 2.095558445227726184e-04
1.244834473667080440e-04 1.266528798049969696e-04 2.100706296922442290e-04
1.251754049445221893e-04 1.271609990116584141e-04 2.105834725124721557e-04
1.258696384551019349e-04 1.276683337896096114e-04 2.110940099924571607e-04
1.265661327390332194e-04 1.281751970363002922e-04 2.116019299689382918e-04
1.272640023604448541e-04 1.286826243521800085e-04 2.121073939959725735e-04
1.279758864740166227e-04 1.291720730945313661e-04 2.126107927796798067e-04
1.286855683172899759e-04 1.296674268770292527e-04 2.131116239622024219e-04
1.293949949357718328e-04 1.301665931739354534e-04 2.136091485358203833e-04
1.301092515198073660e-04 1.306617873518300975e-04 2.141037312290597176e-04
1.308277345404455306e-04 1.311535647051653968e-04 2.145955940845308517e-04
1.315503995770060848e-04 1.316419980456674278e-04 2.150846544961087202e-04
1.322782715836763883e-04 1.321263585810525886e-04 2.155700223161337477e-04
1.330109581155394100e-04 1.326070422798226816e-04 2.160517946046950667e-04
1.337478099904004954e-04 1.330846100306657407e-04 2.165303031228969430e-04
1.344887060880792988e-04 1.335591916520263342e-04 2.170055265444466482e-04
1.352344448472551691e-04 1.340302737112572886e-04 2.174766334751311592e-04
1.359849992917369415e-04 1.344979670787098337e-04 2.179434526383096024e-04
1.367397357512774552e-04 1.349627857363184028e-04 2.184063870840210683e-04
1.374984342088695201e-04 1.354249228993457954e-04 2.188655141014787808e-04
1.382616881242114848e-04 1.358840392932960631e-04 2.193200939954965609e-04
1.390297888931008149e-04 1.363400328782766384e-04 2.197696248401569130e-04
1.398021202075522328e-04 1.367933700186308777e-04 2.202145753410302866e-04
1.405783732742390277e-04 1.372442884437177118e-04 2.206551372185084139e-04
1.413589008082923092e-04 1.376926190181982951e-04 2.210907569665677280e-04
1.421441814579577632e-04 1.381381708865140028e-04 2.215206439732091831e-04
1.429334346965214630e-04 1.385814913830913145e-04 2.219455418941535495e-04
1.437261106227611404e-04 1.390229633857813175e-04 2.223659699300147528e-04
1.445221256811580904e-04 1.394626976436056460e-04 2.227818860161723431e-04
1.453220562076618723e-04 1.399005544559470148e-04 2.231922269153867495e-04
1.461252100246869740e-04 1.403370103274346624e-04 2.235977443304018597e-04
1.469310131451326805e-04 1.407724399185488818e-04 2.239990881792086261e-04
1.477393268587534180e-04 1.412069947013417509e-04 2.243963108827960393e-04
1.485504623450437393e-04 1.416407661069878858e-04 2.247886031260582819e-04
1.493640663765991516e-04 1.420740736253257885e-04 2.251762730184057350e-04
1.501796405245440353e-04 1.425072103290571997e-04 2.255599752869355892e-04
1.509969754702831103e-04 1.429403578453451902e-04 2.259399003470825666e-04
1.518160917318326448e-04 1.433737511945923945e-04 2.263156846906491659e-04
1.526368922989534418e-04 1.438077362619002162e-04 2.266870852905681667e-04
1.534589726395133979e-04 1.442425080228593951e-04 2.270547187753903066e-04
1.542820735368233569e-04 1.446782165366919512e-04 2.274189440440838560e-04
1.551060612323551394e-04 1.451150465471377489e-04 2.277798053385987620e-04
1.559308922149815085e-04 1.455536526989046427e-04 2.281365587188306267e-04
1.567562483965968855e-04 1.459941286342694266e-04 2.284897800673606552e-04
1.575818791299631711e-04 1.464365001510938859e-04 2.288399778576370898e-04
1.584076416001089008e-04 1.468809496671718900e-04 2.291872213820685469e-04
1.592333379811710704e-04 1.473280770289526163e-04 2.295311661841556786e-04
1.600587092092546420e-04 1.477782983247066470e-04 2.298718400055741948e-04
1.608835779575459553e-04 1.482315355838719547e-04 2.302097217327372589e-04
1.617077991791940155e-04 1.486878412345114071e-04 2.305450437320053989e-04
1.625312028333316663e-04 1.491474558526857859e-04 2.308778450523249828e-04
1.633532952953097223e-04 1.496115371067897773e-04 2.312076697112458619e-04
1.641739717821670400e-04 1.500799051126669285e-04 2.315349564306194187e-04
1.649931731088017045e-04 1.505523449855946207e-04 2.318600786452339538e-04
1.658107300295082935e-04 1.510290493507445808e-04 2.321831079262226018e-04
1.666262063833819150e-04 1.515108026810590351e-04 2.325038933375885887e-04
1.674391662460593660e-04 1.519982719418932972e-04 2.328224208196019718e-04
1.682496269067623501e-04 1.524911175405250163e-04 2.331390419457171279e-04
1.690575297218242573e-04 1.529892259760396063e-04 2.334539588175602899e-04
1.698626827907854533e-04 1.534927867190239922e-04 2.337672415797845647e-04
1.706641923168297293e-04 1.540032510509242399e-04 2.340786761576753999e-04
1.714619412607759500e-04 1.545205591546870206e-04 2.343884765981219497e-04
1.722560665590707266e-04 1.550442178983329642e-04 2.346969154730350025e-04
1.730464223602215003e-04 1.555742816344972022e-04 2.350040918719532163e-04
1.738326547230090288e-04 1.561111428759375452e-04 2.353100390184593299e-04
1.746135832274527729e-04 1.566564311272626868e-04 2.356146454386264660e-04
1.753894306304862099e-04 1.572095394612917508e-04 2.359181508087659744e-04
1.761603981541599992e-04 1.577699239363402099e-04 2.362207411022547443e-04
1.769262504385995388e-04 1.583377336055137238e-04 2.365224761534325155e-04
1.776861809693244115e-04 1.589138881182599792e-04 2.368233511152572496e-04
1.784392687483355876e-04 1.594993791623752018e-04 2.371233966712445705e-04
1.791858882695266991e-04 1.600934362554170588e-04 2.374227839439524423e-04
1.799262073963720063e-04 1.606956013218300357e-04 2.377216170272727913e-04
1.806600394016877721e-04 1.613059076838424641e-04 2.380199333205162623e-04
1.813862733600031865e-04 1.619255110400520377e-04 2.383176578177425946e-04
1.821052058645407248e-04 1.625538684205194556e-04 2.386147732671524066e-04
1.828178726943644405e-04 1.631895945637451605e-04 2.389113195686029881e-04
1.835247154048983667e-04 1.638320528282651586e-04 2.392072987919117467e-04
1.842258918701776646e-04 1.644809586485011549e-04 2.395026914723727939e-04
1.849204136519456347e-04 1.651373097066006308e-04 2.397973392449124705e-04
1.856093074753030492e-04 1.657998752254428228e-04 2.400913130227656962e-04
1.862934670146178685e-04 1.664675956294512824e-04 2.403846808323810945e-04
1.869731097270549707e-04 1.671401790434454907e-04 2.406774399205903123e-04
1.876479975190764962e-04 1.678178262418688238e-04 2.409695175502762389e-04
1.883181776130654313e-04 1.685004409612459548e-04 2.412608692203832561e-04
1.889845007364979526e-04 1.691870949741388556e-04 2.415515822645391067e-04
1.896474865596720104e-04 1.698772205294784947e-04 2.418417056210039190e-04
1.903073603155992625e-04 1.705705665102986480e-04 2.421312461116237325e-04
1.909637446931319155e-04 1.712675136535489603e-04 2.424200675593007372e-04
1.916173500275171080e-04 1.719673312783259538e-04 2.427082564312125351e-04
1.922688107747382231e-04 1.726693692617822535e-04 2.429959012939359418e-04
1.929183655430591858e-04 1.733733877201498177e-04 2.432830162713405658e-04
1.935660670545339866e-04 1.740793517229430592e-04 2.435695400519587855e-04
1.942122385067038379e-04 1.747869584273129267e-04 2.438554670224531151e-04
1.948573912656997929e-04 1.754956995283469634e-04 2.441408852367162909e-04
1.955018440685740114e-04 1.762052634712476921e-04 2.444258402104953001e-04
1.961458169762368784e-04 1.769154509282057277e-04 2.447103266163103662e-04
1.967896524500161901e-04 1.776259794093236293e-04 2.449942721665624053e-04
1.974337212044146347e-04 1.783364794952368320e-04 2.452777593788244871e-04
1.980782855311749807e-04 1.790466869342915469e-04 2.455608531610363118e-04
1.987235616510148282e-04 1.797563995456090186e-04 2.458435659175597053e-04
1.993701088165329433e-04 1.804651318954780337e-04 2.461258323806156390e-04
2.000182449452890087e-04 1.811725725144578043e-04 2.464076946114886896e-04
2.006680870174459125e-04 1.818785818105286649e-04 2.466892172250426639e-04
2.013198153019814327e-04 1.825829777433888375e-04 2.469704202199920519e-04
2.019739805493231193e-04 1.832852492503057971e-04 2.472512756071928650e-04
2.026311789138541826e-04 1.839848258468844953e-04 2.475317729922280052e-04
2.032913767715765867e-04 1.846816951743359184e-04 2.478119667434592818e-04
2.039546094475254651e-04 1.853757872219002087e-04 2.480918858720230699e-04
2.046211888652551051e-04 1.860667773984076142e-04 2.483715276014541139e-04
2.052923145240667972e-04 1.867534839913413409e-04 2.486508367860714233e-04
2.059677993877949333e-04 1.874360239804034639e-04 2.489298574355463395e-04
2.066474252180207762e-04 1.881145450689399024e-04 2.492086230157768839e-04
2.073313847985795537e-04 1.887888030677443930e-04 2.494871315566137525e-04
2.080209093048155300e-04 1.894574932393126734e-04 2.497653269995319357e-04
2.087161977831712277e-04 1.901203199254306595e-04 2.500432129896833222e-04
2.094168340517645044e-04 1.907776108997512429e-04 2.503208184616080058e-04
2.101228182705126054e-04 1.914292733375353177e-04 2.505981426216951496e-04
2.108348876925368490e-04 1.920744150120031748e-04 2.508751439152922397e-04
2.115541205346594571e-04 1.927117208497656532e-04 2.511517622879565204e-04
2.122799488953422702e-04 1.933416693715933686e-04 2.514280216000062268e-04
2.130119905082025419e-04 1.939645407227261989e-04 2.517039317589207098e-04
2.137503354447773882e-04 1.945800900563592582e-04 2.519794763818062298e-04
2.144964668891089995e-04 1.951863523665893279e-04 2.522546035314014376e-04
2.152493038988395092e-04 1.957844218355591942e-04 2.525294314517194383e-04
2.160077075125241470e-04 1.963755075237759245e-04 2.528040670820713709e-04
2.167713845648683822e-04 1.969598306374479798e-04 2.530785629690454099e-04
2.175408091914879936e-04 1.975365957700495870e-04 2.533529818670890270e-04
2.183158043338299947e-04 1.981058431819262048e-04 2.536274301621374398e-04
2.190953944638137881e-04 1.986687305215047682e-04 2.539019942737058555e-04
2.198790640865744804e-04 1.992258376627831088e-04 2.541767355967844942e-04
2.206667911481773026e-04 1.997770636490094791e-04 2.544517346335932635e-04
2.214589585905297683e-04 2.003216651173017246e-04 2.547271699047436513e-04
2.222547463413556779e-04 2.008607184933261394e-04 2.550030972155695359e-04
2.230535394394653941e-04 2.013950365608429410e-04 2.552795515582228884e-04
2.238551485579665914e-04 2.019248120359221467e-04 2.555565977458086786e-04
2.246599262622734976e-04 2.024492990961053310e-04 2.558345119957933407e-04
2.254673554773916917e-04 2.029692012969221929e-04 2.561133574826898046e-04
2.262768666710466149e-04 2.034853604802073644e-04 2.563931206496549223e-04
2.270882391495418495e-04 2.039980578611874608e-04 2.566738564965817884e-04
2.279015048743684936e-04 2.045070653485760637e-04 2.569558241812329273e-04
2.287164511301212257e-04 2.050125789074279576e-04 2.572392235255988903e-04
2.295326326330318005e-04 2.055153212574456132e-04 2.575239968799830290e-04
2.303497861778626920e-04 2.060156979429260404e-04 2.578101462667454873e-04
2.311677813121344066e-04 2.065138071570871191e-04 2.580978428677396797e-04
2.319864603757072535e-04 2.070096318657545394e-04 2.583875326205354629e-04
2.328054919849574847e-04 2.075037660588880046e-04 2.586791102451549591e-04
2.336246378784498064e-04 2.079966431912923057e-04 2.589724889904077357e-04
2.344437412689957887e-04 2.084884660575159036e-04 2.592677496956997084e-04
2.352624939544341028e-04 2.089793679810903750e-04 2.595655036480679252e-04
2.360806463193063727e-04 2.094697688546914979e-04 2.598657242215041303e-04
2.368980429078486414e-04 2.099600236724060516e-04 2.601682333065007124e-04
2.377145263733938547e-04 2.104503539935431841e-04 2.604730766850452475e-04
2.385297418292355650e-04 2.109410711818335380e-04 2.607806770543370269e-04
2.393432825071303350e-04 2.114326000509010074e-04 2.610913983985942502e-04
2.401550802324234411e-04 2.119251711204378215e-04 2.614050154079988059e-04
2.409650406302721174e-04 2.124189697528045321e-04 2.617214393725235226e-04
2.417729769557718574e-04 2.129142147062567628e-04 2.620407636116368726e-04
2.425779828756465450e-04 2.134117244531269302e-04 2.623639376572940891e-04
2.433800644939506980e-04 2.139116128497224188e-04 2.626906969046172331e-04
2.441792882045777918e-04 2.144139061151085861e-04 2.630207533531932901e-04
2.449754401186940715e-04 2.149188298452661574e-04 2.633542016738125643e-04
2.457678888869967030e-04 2.154269802252567652e-04 2.636915416288853307e-04
2.465559436383543321e-04 2.159390242570961220e-04 2.640332546775246182e-04
2.473397409540081760e-04 2.164548790955230049e-04 2.643790084624749945e-04
2.481192738637232986e-04 2.169745628408735580e-04 2.647286459030494601e-04
2.488942780791355571e-04 2.174983096361885664e-04 2.650822639726976848e-04
2.496635337856544152e-04 2.180272101179571095e-04 2.654407163669813934e-04
2.504267417039330711e-04 2.185615226489126843e-04 2.658040413124796060e-04
2.511841509485110142e-04 2.191009946125322403e-04 2.661718510959107040e-04
2.519357042306275950e-04 2.196456648607649691e-04 2.665439856634412193e-04
2.526813404393325291e-04 2.201956309880180899e-04 2.669202122436943256e-04
2.534215068117155181e-04 2.207512863204058216e-04 2.672988764775845356e-04
2.541590534488445837e-04 2.213111798710926256e-04 2.676764209178935337e-04
2.548965905304404183e-04 2.218738685666297333e-04 2.680498021873159442e-04
2.556359806912165901e-04 2.224384872159308627e-04 2.684165361265637706e-04
2.563790059877157955e-04 2.230041886866856418e-04 2.687741243054225619e-04
2.571293333049520357e-04 2.235696763106665547e-04 2.691163881987936567e-04
2.578887994699733581e-04 2.241335278697917182e-04 2.694407209213574642e-04
2.586583288385733851e-04 2.246945352737932805e-04 2.697456467138574336e-04
2.594390038620698782e-04 2.252515127657364082e-04 2.700288021347187380e-04
2.602317976350516319e-04 2.258031502204735450e-04 2.702876326056142912e-04
2.610408246291183345e-04 2.263458744208201234e-04 2.705123640650156439e-04
2.618647470189063671e-04 2.268787397863513918e-04 2.707045983818038258e-04
2.627006600520279426e-04 2.274016334359711428e-04 2.708708878172930851e-04
2.635467896636269959e-04 2.279141361674122390e-04 2.710167813847444603e-04
2.644025863439562513e-04 2.284142986493061032e-04 2.711485341423077768e-04
2.652663902510230703e-04 2.289013754053114064e-04 2.712771810658167436e-04
2.661357974924272109e-04 2.293765057947476859e-04 2.714125648258210524e-04
2.670092789779796244e-04 2.298397046250403556e-04 2.715621677251188817e-04
2.678854155838800133e-04 2.302899305055388626e-04 2.717339371597596483e-04
2.687611200921766652e-04 2.307221243325116979e-04 2.719477168106596877e-04
2.696316566106688795e-04 2.311348487255617814e-04 2.722143458840425509e-04
2.704905897164171583e-04 2.315256741134998335e-04 2.725435158460781833e-04
2.713291366200554959e-04 2.318897952816367574e-04 2.729467967476834935e-04
2.721382780988228353e-04 2.322235012073151420e-04 2.734285954716563979e-04
2.729140227500128886e-04 2.325275055644155861e-04 2.739803434374955132e-04
2.736580084223340934e-04 2.328062668144696408e-04 2.745869012743080637e-04
2.743765452981802031e-04 2.330670909956846708e-04 2.752313250106489494e-04
2.750807235049766079e-04 2.333198140683397906e-04 2.758948012252402868e-04
2.757807768518066166e-04 2.335730743707984411e-04 2.765624704699027811e-04
2.764858130716424910e-04 2.338346476227186473e-04 2.772215826369588826e-04
2.772047651730581859e-04 2.341124432597089372e-04 2.778584835680122066e-04
2.779458186400247835e-04 2.344143569172084168e-04 2.784576480058514186e-04
2.787152973800113669e-04 2.347476695697699840e-04 2.790012799723140709e-04
2.795183278596211551e-04 2.351208289735841795e-04 2.794632473014516463e-04
2.803515169655865225e-04 2.355355060794829406e-04 2.798250921272195206e-04
2.812028261614061414e-04 2.359824520260814739e-04 2.800967225396757375e-04
2.820621692886863922e-04 2.364518086066524374e-04 2.802972734793586149e-04
2.829239956015307169e-04 2.369368650326004371e-04 2.804436008597478193e-04
2.837855024117649631e-04 2.374331180634391537e-04 2.805495810588817286e-04
2.846448967104158487e-04 2.379388009758489448e-04 2.806238548038538123e-04
2.855021623862624550e-04 2.384501814296609767e-04 2.806835958640511303e-04
2.863576831888266336e-04 2.389647951647141683e-04 2.807406436863262716e-04
2.872116309586290927e-04 2.394815798039541359e-04 2.808014586097779854e-04
2.880636159930326473e-04 2.399989592382921521e-04 2.808808785603506171e-04
2.889133226053566708e-04 2.405145945951364412e-04 2.809899392110857923e-04
2.897599133125385007e-04 2.410265476073899680e-04 2.811344519155567837e-04
2.906018288446955461e-04 2.415330508314828689e-04 2.813194783360247961e-04
2.914364959149919661e-04 2.420318612591274119e-04 2.815517603918403153e-04
2.922626764924090756e-04 2.425224728695616022e-04 2.818280302383339986e-04
2.930809302876490855e-04 2.430059613271734053e-04 2.821386243008526876e-04
2.938916616002342419e-04 2.434830360054261928e-04 2.824776429052227103e-04
2.946952278942326022e-04 2.439542460510370236e-04 2.828411102194813669e-04
2.954916714722350670e-04 2.444198931038633307e-04 2.832267661160951799e-04
2.962827312151030410e-04 2.448815835197376447e-04 2.836280444389219051e-04
2.970705432302449397e-04 2.453411357702026379e-04 2.840381072199736970e-04
2.978566464257981325e-04 2.457998597747015164e-04 2.844523677609654862e-04
2.986424355212086742e-04 2.462589479086597271e-04 2.848668230767559956e-04
2.994299268395425964e-04 2.467202202465868335e-04 2.852755635987169400e-04
3.002211845903431033e-04 2.471854649692912316e-04 2.856723105106795044e-04
3.010174506486792837e-04 2.476557408005607597e-04 2.860527353304542601e-04
3.018196363456314532e-04 2.481319199630934022e-04 2.864127805808237143e-04
3.026284631029696991e-04 2.486147927121418882e-04 2.867481399093968659e-04
3.034454946303382131e-04 2.491061699059751093e-04 2.870492363979287344e-04
3.042709876633155927e-04 2.496067537007243178e-04 2.873091413911018667e-04
3.051035765832679292e-04 2.501156869872238082e-04 2.875268046037653125e-04
3.059418069540238423e-04 2.506321364991166245e-04 2.877005873932192426e-04
3.067841290720724700e-04 2.511552495027226579e-04 2.878285379859196573e-04
3.076288837897664169e-04 2.516854107041112637e-04 2.878935894411638503e-04
3.084733823546387537e-04 2.522203792727082858e-04 2.879012557617400409e-04
3.093153603824793946e-04 2.527579662097215445e-04 2.878611185922886999e-04
3.101526582074915568e-04 2.532970107809868186e-04 2.877726198025811616e-04
3.109827485858561837e-04 2.538372196175770834e-04 2.876361396313919204e-04
3.118069825281160798e-04 2.543785315530684710e-04 2.874702544756386514e-04
3.126261222239680188e-04 2.549209485658904457e-04 2.872839714750711169e-04
3.134385684544873426e-04 2.554663938364775191e-04 2.870782378357143033e-04
3.142464211761288712e-04 2.560154896968433046e-04 2.868640882902257806e-04
3.150509253887811612e-04 2.565685343177119158e-04 2.866475064812828120e-04
3.158515554521795538e-04 2.571293037133874312e-04 2.864365831199244643e-04
3.166492928802036610e-04 2.577000634996041506e-04 2.862423222575638700e-04
3.174446000949869996e-04 2.582827208403974954e-04 2.860757314420239207e-04
3.182361904147736368e-04 2.588813151292612040e-04 2.859558224073957197e-04
3.190184645679273274e-04 2.595014486450110424e-04 2.859203859006116503e-04
3.197705859297701801e-04 2.601442593289658213e-04 2.860383227024912087e-04
3.204462195907834920e-04 2.607891798578206260e-04 2.863757773299219558e-04
3.210074999067307009e-04 2.614019209859709991e-04 2.869216761059037793e-04
3.214783353765189697e-04 2.619772777541526745e-04 2.875881381979501251e-04
3.219380683132222866e-04 2.625492227497159669e-04 2.882673799021588136e-04
3.224886009340048750e-04 2.631628317999725949e-04 2.888250273752335229e-04
3.231602366861170651e-04 2.638125526015761392e-04 2.891579690433698085e-04
3.239102600065990492e-04 2.644577825635247839e-04 2.892583591363861312e-04
3.246913479838721851e-04 2.650768878530280711e-04 2.892031999516854468e-04
3.254835455797520038e-04 2.656703858773800937e-04 2.890647225618782866e-04
3.262825027115406938e-04 2.662440416284780702e-04 2.888849764968739152e-04
3.270884296830522237e-04 2.668025199439798636e-04 2.886887348294009392e-04
3.279028778149065712e-04 2.673488707824823508e-04 2.884934763543282876e-04
3.287279867087391952e-04 2.678848102260364622e-04 2.883150798705627800e-04
3.295662185483203867e-04 2.684107085509956675e-04 2.881722722128834784e-04
3.304195691484698174e-04 2.689247616992673827e-04 2.880920251254431678e-04
3.312860895283238540e-04 2.694204170114368078e-04 2.881159957316748767e-04
3.321516974559380404e-04 2.698851140477553793e-04 2.882875733032086440e-04
3.329938260608565604e-04 2.703108883084296408e-04 2.886110193921721453e-04
3.338000135357078557e-04 2.707046075599160891e-04 2.890497724034424114e-04
3.345755117310516722e-04 2.710878766790164249e-04 2.895508788156348108e-04
3.353398904946324421e-04 2.714868224659131740e-04 2.900572741419225192e-04
3.361091504896220289e-04 2.719211075551669220e-04 2.905250571639283498e-04
3.368903701857971721e-04 2.724011163560873861e-04 2.909219972737054315e-04
3.376818385785288227e-04 2.729259383292160644e-04 2.912320862477747567e-04
3.384773349483497147e-04 2.734855763913221645e-04 2.914614705768862890e-04
3.392719317171553981e-04 2.740687997522292096e-04 2.916279957768620409e-04
3.400629801150799412e-04 2.746691112066036678e-04 2.917435457374041759e-04
3.408494165594126170e-04 2.752819765023314111e-04 2.918183951209876899e-04
3.416317564464288882e-04 2.759029447618798012e-04 2.918654740137346069e-04
3.424104095688236494e-04 2.765297856718886265e-04 2.918916359196462203e-04
3.431852990690090069e-04 2.771617797632818284e-04 2.918991403975446965e-04
3.439562967169399973e-04 2.777985092016329520e-04 2.918901218499853414e-04
3.447244903654100357e-04 2.784384282649569648e-04 2.918709661287881459e-04
3.454904384593076531e-04 2.790808041751022327e-04 2.918451371944868859e-04
3.462543736209299796e-04 2.797253813462158181e-04 2.918148260073133785e-04
3.470165933098411570e-04 2.803719845906960995e-04 2.917844327036309658e-04
3.477780049318913514e-04 2.810197701719023013e-04 2.917596149792120279e-04
3.485394138589003612e-04 2.816678974465406781e-04 2.917476321691015416e-04
3.493016642138487937e-04 2.823149079974304255e-04 2.917611084002932724e-04
3.500653244185317420e-04 2.829563359056982822e-04 2.918288631953455496e-04
3.508152426629027195e-04 2.835558149912304317e-04 2.920868778431054934e-04
